time,ax_g,ay_g,az_g,gx_dps,gy_dps,gz_dps,label
0.1854,-0.03735,-0.96692,0.21851,-14.32061,-9.75572,-7.41985,N4
0.19540000000000002,-0.0395745250431779,-0.9673940932642487,0.2175505872193437,-14.292923471502592,-9.741218272884284,-7.430396632124353,N4
0.20540000000000003,-0.04179905008635579,-0.9678681865284974,0.2165911744386874,-14.265236943005181,-9.726716545768566,-7.440943264248705,N4
0.21540000000000004,-0.044023575129533685,-0.9683422797927461,0.2156317616580311,-14.237550414507773,-9.71221481865285,-7.451489896373057,N4
0.22540000000000004,-0.04624810017271158,-0.9688163730569949,0.2146723488773748,-14.209863886010362,-9.697713091537134,-7.46203652849741,N4
0.23540000000000005,-0.04847262521588948,-0.9692904663212435,0.2137129360967185,-14.182177357512954,-9.683211364421416,-7.472583160621761,N4
0.24540000000000006,-0.05069715025906737,-0.9697645595854922,0.21275352331606218,-14.154490829015543,-9.6687096373057,-7.483129792746114,N4
0.25540000000000007,-0.052921675302245265,-0.970238652849741,0.21179411053540587,-14.126804300518135,-9.654207910189983,-7.493676424870467,N4
0.2654000000000001,-0.055146200345423155,-0.9707127461139896,0.21083469775474956,-14.099117772020726,-9.639706183074265,-7.504223056994818,N4
0.2754000000000001,-0.05737072538860105,-0.9711868393782384,0.20987528497409325,-14.071431243523316,-9.62520445595855,-7.514769689119171,N4
0.2854000000000001,-0.05959525043177895,-0.9716609326424871,0.20891587219343696,-14.043744715025907,-9.610702728842833,-7.5253163212435235,N4
0.2954000000000001,-0.061819775474956845,-0.9721350259067357,0.20795645941278065,-14.016058186528497,-9.596201001727115,-7.535862953367875,N4
0.3054000000000001,-0.06581447058823535,-0.9716861176470588,0.20712823529411764,-13.930849058823528,-9.560129294117646,-7.69034129411765,N4
0.3154000000000001,-0.07225368627450987,-0.9699625882352941,0.20648117647058822,-13.766203960784312,-9.494270470588235,-8.04358247058824,N4
0.32540000000000013,-0.07869290196078438,-0.9682390588235295,0.2058341176470588,-13.601558862745097,-9.428411647058823,-8.396823647058827,N4
0.33540000000000014,-0.0851321176470589,-0.9665155294117647,0.20518705882352942,-13.436913764705881,-9.36255282352941,-8.750064823529417,N4
0.34540000000000015,-0.09157133333333342,-0.964792,0.20454,-13.272268666666665,-9.296693999999999,-9.103306000000005,N4
0.35540000000000016,-0.09750748251748259,-0.9628837762237762,0.20156013986013974,-13.143226923076924,-9.25191,-10.013131258741291,N4
0.36540000000000017,-0.10237461538461547,-0.9605830769230769,0.1936230769230768,-13.089842307692308,-9.25191,-12.105697692307729,N4
0.3754000000000002,-0.06819330827067606,-0.9683333082706769,0.15648082706766853,-12.195141052631563,-9.854674210526328,-13.91941751879702,N4
0.3854000000000002,-0.04229349775784728,-0.9742211210762333,0.13879609865470852,-11.234309775784737,-10.509224260089697,-14.832641928251125,N4
0.3954000000000002,-0.026692600896860704,-0.9776695515695067,0.1392355605381166,-10.303220089686082,-11.145928295964138,-15.065413228699557,N4
0.4054000000000002,-0.012740263157894532,-0.9809613157894738,0.14210052631578962,-9.258438092105239,-11.436620789473677,-15.161707302631577,N4
0.4154000000000002,-0.0021349999999997777,-0.9839350000000001,0.14989000000000016,-7.982826249999973,-11.024804999999992,-14.980911249999997,N4
0.4254000000000002,0.0029175000000000793,-0.9802590714285713,0.1540545714285715,-6.627479499999971,-9.444924142857102,-14.531406071428561,N4
0.43540000000000023,0.000731285714285471,-0.9744171428571426,0.16108521428571457,-5.47251592857141,-7.278076285714226,-14.139586071428567,N4
0.44540000000000024,-0.010031019417476103,-0.9677078155339804,0.17343480582524295,-4.639367184466014,-4.669158883495099,-13.92758796116506,N4
0.45540000000000025,-0.024132961165048927,-0.9614893689320387,0.18291538834951482,-4.454085631067956,-2.8830472330096604,-14.320384077669914,N4
0.46540000000000026,-0.03823490291262176,-0.9552709223300969,0.19239597087378668,-4.268804077669898,-1.096935582524222,-14.713180194174768,N4
0.47540000000000027,-0.05186000000000038,-0.9513771428571428,0.20552942857142895,-4.533042285714294,0.5587788571429029,-15.951143428571465,N4
0.4854000000000003,-0.06402666666666684,-0.947888,0.21858200000000033,-4.901782666666685,1.9450360000000093,-17.325192000000047,N4
0.4954000000000003,-0.07046000000000018,-0.9455279999999999,0.23054200000000033,-5.593896000000019,2.2809160000000093,-19.065652000000046,N4
0.5054000000000003,-0.07527344370860939,-0.9452743046357616,0.2400174172185433,-6.4101915894040005,1.4120641059602221,-20.57155887417223,N4
0.5154000000000003,-0.07753471014492734,-0.9469262318840581,0.24694702898550727,-7.360434347826131,-0.16815731884066198,-21.90750898550728,N4
0.5254000000000003,-0.07187528985507229,-0.9528537681159422,0.2475629710144928,-8.654825652173955,-2.5799326811594985,-22.94745101449279,N4
0.5354000000000003,-0.07158571214392807,-0.9543206371814094,0.24647957271364315,-8.946184362818592,-3.3107131409295465,-23.178412728635685,N4
0.5454000000000003,-0.07255572713643182,-0.9547411769115443,0.24499756371814088,-9.002263823088457,-3.6471861544228004,-23.21961362818591,N4
0.5554000000000003,-0.07352574212893556,-0.9551617166416793,0.24351555472263864,-9.058343283358322,-3.983659167916054,-23.260814527736134,N4
0.5654000000000003,-0.07449575712143931,-0.9555822563718142,0.2420335457271364,-9.114422743628188,-4.320132181409308,-23.30201542728636,N4
0.5754000000000004,-0.07546577211394306,-0.956002796101949,0.24055153673163412,-9.170502203898053,-4.6566051949025615,-23.343216326836583,N4
0.5854000000000004,-0.07643578710644681,-0.956423335832084,0.23906952773613188,-9.226581664167918,-4.993078208395815,-23.38441722638681,N4
0.5954000000000004,-0.07740580209895057,-0.956843875562219,0.23758751874062964,-9.282661124437784,-5.329551221889069,-23.425618125937035,N4
0.6054000000000004,-0.0783758170914543,-0.9572644152923538,0.23610550974512737,-9.338740584707649,-5.666024235382323,-23.466819025487258,N4
0.6154000000000004,-0.07934583208395805,-0.9576849550224888,0.23462350074962512,-9.394820044977514,-6.002497248875576,-23.508019925037484,N4
0.6254000000000004,-0.0803158470764618,-0.9581054947526237,0.23314149175412288,-9.45089950524738,-6.33897026236883,-23.549220824587707,N4
0.6354000000000004,-0.08128586206896556,-0.9585260344827586,0.23165948275862064,-9.506978965517245,-6.675443275862084,-23.590421724137933,N4
0.6454000000000004,-0.0822558770614693,-0.9589465742128936,0.23017747376311837,-9.56305842578711,-7.011916289355337,-23.631622623688155,N4
0.6554000000000004,-0.08322589205397306,-0.9593671139430285,0.22869546476761612,-9.619137886056976,-7.348389302848592,-23.67282352323838,N4
0.6654000000000004,-0.0840249969343961,-0.9597626118945433,0.22760742489270383,-9.6378612507664,-7.702699699570833,-23.7082983568363,N4
0.6754000000000004,-0.08463137339055797,-0.9601298712446352,0.2269636480686695,-9.614459656652361,-8.077124592274696,-23.737316137339057,N4
0.6854000000000005,-0.08523774984671983,-0.9604971305947272,0.22631987124463515,-9.59105806253832,-8.451549484978559,-23.766333917841816,N4
0.6954000000000005,-0.0858441263028817,-0.9608643899448192,0.22567609442060083,-9.567656468424278,-8.825974377682423,-23.795351698344575,N4
0.7054000000000005,-0.08645050275904356,-0.9612316492949111,0.2250323175965665,-9.544254874310239,-9.200399270386285,-23.824369478847334,N4
0.7154000000000005,-0.08705687921520543,-0.9615989086450031,0.22438854077253215,-9.520853280196198,-9.574824163090149,-23.853387259350093,N4
0.7254000000000005,-0.08766325567136729,-0.961966167995095,0.22374476394849782,-9.497451686082158,-9.949249055794011,-23.882405039852852,N4
0.7354000000000005,-0.08826963212752915,-0.962333427345187,0.22310098712446347,-9.474050091968117,-10.323673948497873,-23.91142282035561,N4
0.7454000000000005,-0.08887600858369102,-0.962700686695279,0.22245721030042914,-9.450648497854075,-10.698098841201737,-23.94044060085837,N4
0.7554000000000005,-0.08948238503985288,-0.9630679460453709,0.22181343347639482,-9.427246903740036,-11.0725237339056,-23.96945838136113,N4
0.7654000000000005,-0.09008876149601475,-0.9634352053954629,0.22116965665236046,-9.403845309625995,-11.446948626609462,-23.998476161863888,N4
0.7754000000000005,-0.09069513795217661,-0.9638024647455549,0.22052587982832614,-9.380443715511955,-11.821373519313326,-24.02749394236665,N4
0.7854000000000005,-0.09130151440833847,-0.9641697240956468,0.2198821030042918,-9.357042121397914,-12.19579841201719,-24.05651172286941,N4
0.7954000000000006,-0.09190789086450035,-0.9645369834457388,0.21923832618025746,-9.333640527283874,-12.57022330472105,-24.085529503372168,N4
0.8054000000000006,-0.0925142673206622,-0.9649042427958308,0.21859454935622313,-9.310238933169833,-12.944648197424915,-24.114547283874927,N4
0.8154000000000006,-0.09312064377682408,-0.9652715021459227,0.2179507725321888,-9.286837339055792,-13.319073090128779,-24.143565064377686,N4
0.8254000000000006,-0.08966414634146193,-0.9659370731707319,0.2145875609756087,-9.262710731707315,-14.160866097561174,-24.276671707317117,N4
0.8354000000000006,-0.06487756097560819,-0.968168780487805,0.19694731707316962,-9.234777804878048,-17.456341707317282,-24.956244878048825,N4
0.8454000000000006,-0.036713749999997984,-0.96911975,0.18399499999999946,-9.151904499999992,-19.583971750000067,-25.396563750000016,N4
0.8554000000000006,-0.0054324999999979875,-0.9688885,0.17536999999999944,-9.018316999999993,-20.633590500000068,-25.616032500000017,N4
0.8654000000000006,0.008534615384616124,-0.9693396503496504,0.1745255944055944,-8.663852377622357,-19.587999440559365,-25.555010419580416,N4
0.8754000000000006,0.012004825174824835,-0.968554895104895,0.17782888111888154,-8.196015384615352,-17.899856083915957,-25.663161538461555,N4
0.8854000000000006,0.006255846153845939,-0.9666469230769232,0.1843750461538462,-7.652000184615372,-15.83103206153843,-25.973084307692325,N4
0.8954000000000006,0.0026866153846151646,-0.9682623076923078,0.18512581538461542,-7.450003261538448,-15.304899753846122,-26.28782276923079,N4
0.9054000000000006,-0.00088261538461561,-0.9698776923076924,0.18587658461538464,-7.248006338461526,-14.778767446153813,-26.60256123076925,N4
0.9154000000000007,-0.004451846153846386,-0.9714930769230771,0.1866273538461539,-7.046009415384602,-14.252635138461505,-26.91729969230771,N4
0.9254000000000007,-0.0029054347826085194,-0.9728741304347827,0.19214065217391346,-6.900099565217383,-14.59176630434786,-27.55061521739135,N4
0.9354000000000007,0.0005784615384618291,-0.9731586538461537,0.19905128205128253,-6.8370543589743615,-15.578291153846257,-28.114113141025665,N4
0.9454000000000007,0.00504000000000031,-0.9720624999999999,0.20633333333333384,-6.866413333333336,-17.15394500000011,-28.486004166666692,N4
0.9554000000000007,0.008198073394495617,-0.9721634403669726,0.20976229357798185,-6.931157935779821,-18.37019490825696,-28.509978027522934,N4
0.9654000000000007,0.011161376146789193,-0.972443256880734,0.21261550458715614,-7.001190045871565,-19.532740779816592,-28.481964266055044,N4
0.9754000000000007,0.01366125000000016,-0.9714183333333333,0.2144343750000001,-7.191159375000018,-20.741729375000087,-28.40012562499999,N4
0.9854000000000007,0.016800542635659322,-0.9708727906976746,0.21519031007751932,-7.468730232558167,-21.856439767441916,-28.373867751938,N4
0.9954000000000007,0.022482713178294977,-0.9735239534883723,0.2141515503875968,-7.847451162790724,-22.62571883720936,-28.586898759689937,N4
1.0054000000000007,0.028653529411765126,-0.9768205882352943,0.20816647058823487,-8.175122352941198,-22.958240588235316,-29.177370588235334,N4
1.0154000000000007,0.03581800000000056,-0.9799060000000002,0.20529799999999995,-8.39694400000001,-22.931297999999984,-29.798474000000045,N4
1.0254000000000008,0.04291408114558477,-0.9825713245823389,0.20469836515513126,-8.533439081145584,-22.69636893794749,-30.371055763723152,N4
1.0354000000000008,0.043554892601432034,-0.982884570405728,0.2045820167064439,-8.52432989260143,-22.637158317422433,-30.417513400954657,N4
1.0454000000000008,0.04419570405727929,-0.983197816229117,0.20446566825775656,-8.515220704057278,-22.577947696897372,-30.46397103818616,N4
1.0554000000000008,0.04483651551312654,-0.9835110620525059,0.2043493198090692,-8.506111515513126,-22.51873707637231,-30.510428675417664,N4
1.0654000000000008,0.0454773269689738,-0.983824307875895,0.20423297136038185,-8.497002326968973,-22.45952645584725,-30.55688631264917,N4
1.0754000000000008,0.046118138424821056,-0.984137553699284,0.2041166229116945,-8.48789313842482,-22.400315835322193,-30.60334394988067,N4
1.0854000000000008,0.04675894988066831,-0.984450799522673,0.20400027446300714,-8.478783949880667,-22.341105214797132,-30.649801587112176,N4
1.0954000000000008,0.047399761336515564,-0.984764045346062,0.2038839260143198,-8.469674761336515,-22.28189459427207,-30.696259224343677,N4
1.1054000000000008,0.048040572792362825,-0.9850772911694511,0.20376757756563244,-8.460565572792362,-22.222683973747014,-30.742716861575182,N4
1.1154000000000008,0.04868138424821008,-0.9853905369928401,0.2036512291169451,-8.451456384248209,-22.163473353221953,-30.789174498806688,N4
1.1254000000000008,0.04932219570405733,-0.9857037828162291,0.20353488066825776,-8.442347195704055,-22.104262732696892,-30.83563213603819,N4
1.1354000000000009,0.04996300715990459,-0.9860170286396182,0.2034185322195704,-8.433238007159904,-22.045052112171835,-30.882089773269694,N4
1.1454000000000009,0.05060381861575185,-0.9863302744630071,0.20330218377088305,-8.42412881861575,-21.985841491646774,-30.9285474105012,N4
1.1554000000000009,0.0512446300715991,-0.9866435202863961,0.2031858353221957,-8.415019630071598,-21.926630871121713,-30.9750050477327,N4
1.1654000000000009,0.05188544152744636,-0.9869567661097852,0.20306948687350834,-8.405910441527444,-21.867420250596652,-31.021462684964206,N4
1.1754000000000009,0.052526252983293616,-0.9872700119331742,0.202953138424821,-8.396801252983293,-21.808209630071595,-31.06792032219571,N4
1.185400000000001,0.05316706443914087,-0.9875832577565632,0.20283678997613364,-8.38769206443914,-21.748999009546534,-31.114377959427213,N4
1.195400000000001,0.053664158964879874,-0.9877977510782501,0.20262194701170666,-8.370485976586565,-21.684973259396173,-31.159752174984604,N4
1.205400000000001,0.05388227356746767,-0.9878205483672211,0.20221590881084409,-8.337562378311764,-21.61160049291435,-31.203023277880472,N4
1.215400000000001,0.054100388170055476,-0.9878433456561923,0.20180987060998148,-8.304638780036965,-21.538227726432524,-31.246294380776344,N4
1.225400000000001,0.05431850277264327,-0.9878661429451633,0.20140383240911888,-8.271715181762165,-21.464854959950703,-31.289565483672217,N4
1.235400000000001,0.05453661737523107,-0.9878889402341343,0.20099779420825628,-8.238791583487366,-21.391482193468878,-31.33283658656809,N4
1.245400000000001,0.054754731977818875,-0.9879117375231053,0.20059175600739368,-8.205867985212565,-21.318109426987053,-31.37610768946396,N4
1.255400000000001,0.05497284658040667,-0.9879345348120764,0.20018571780653108,-8.172944386937766,-21.24473666050523,-31.419378792359833,N4
1.265400000000001,0.05519096118299448,-0.9879573321010474,0.19977967960566848,-8.140020788662966,-21.171363894023408,-31.462649895255705,N4
1.275400000000001,0.055409075785582275,-0.9879801293900184,0.19937364140480587,-8.107097190388167,-21.097991127541583,-31.505920998151577,N4
1.285400000000001,0.05562719038817008,-0.9880029266789895,0.19896760320394327,-8.074173592113366,-21.02461836105976,-31.54919210104745,N4
1.295400000000001,0.05584530499075788,-0.9880257239679606,0.19856156500308067,-8.041249993838568,-20.951245594577934,-31.592463203943318,N4
1.305400000000001,0.056063419593345674,-0.9880485212569317,0.19815552680221807,-8.008326395563767,-20.87787282809611,-31.63573430683919,N4
1.315400000000001,0.05628153419593348,-0.9880713185459027,0.1977494886013555,-7.975402797288968,-20.804500061614288,-31.679005409735062,N4
1.325400000000001,0.056499648798521276,-0.9880941158348737,0.1973434504004929,-7.942479199014168,-20.731127295132463,-31.722276512630934,N4
1.335400000000001,0.05671776340110908,-0.9881169131238448,0.1969374121996303,-7.909555600739369,-20.65775452865064,-31.765547615526806,N4
1.345400000000001,0.05693587800369688,-0.9881397104128158,0.1965313739987677,-7.876632002464569,-20.584381762168814,-31.80881871842268,N4
1.355400000000001,0.05700178343949033,-0.9884766878980895,0.19587012738853476,-7.790637261146446,-20.466666050955364,-31.87514108280257,N4
1.365400000000001,0.05583617834394893,-0.9913556687898092,0.19314401273885326,-7.2752487261146,-19.990175605095494,-32.12796910828028,N4
1.375400000000001,0.05580459016393452,-0.9946245901639348,0.19257459016393455,-6.853460491803245,-19.874608032786906,-32.28481721311476,N4
1.385400000000001,0.05673901639344271,-0.9982256830601096,0.19384234972677608,-6.511405846994502,-20.066493278688544,-32.35990464480875,N4
1.395400000000001,0.05761152777777786,-1.0033623611111118,0.19054166666666614,-6.171327708333299,-20.769507152777873,-32.276294305555545,N4
1.405400000000001,0.05962928571428625,-1.0066935714285712,0.18814250000000052,-5.858229999999975,-21.544707500000044,-32.15976071428571,N4
1.415400000000001,0.06481182539682596,-1.0034475396825393,0.1932258333333339,-5.6158966666666394,-21.950624166666714,-32.12946706349206,N4
1.425400000000001,0.06999436507936568,-1.0002015079365076,0.19830916666666726,-5.373563333333305,-22.35654083333338,-32.099173412698406,N4
1.4354000000000011,0.08208482758620862,-0.9940882758620682,0.21183344827586403,-5.391947241379323,-22.884444137931105,-32.18636379310347,N4
1.4454000000000011,0.09706851063829988,-0.9891910638297873,0.22275085106382958,-5.485139361702136,-23.16549957446804,-32.26181638297872,N4
1.4554000000000011,0.11343021276595947,-0.9893612765957447,0.22102035460992886,-5.550103900709228,-22.77569815602832,-32.21850432624113,N4
1.4654000000000011,0.12077585034013677,-0.9902639455782315,0.2299176870748311,-5.612708503401368,-21.078255510203867,-32.29693380952382,N4
1.4754000000000012,0.1249204382470121,-0.9907998406374502,0.23698454183266962,-5.702499561753003,-19.47118318725086,-32.422680517928306,N4
1.4854000000000012,0.12618338645418342,-0.9907042231075698,0.23970964143426327,-5.830236613545832,-18.21209553784846,-32.59299127490041,N4
1.4954000000000012,0.12744633466135474,-0.9906086055776893,0.2424347410358569,-5.9579736653386615,-16.953007888446063,-32.76330203187253,N4
1.5054000000000012,0.12530894736842077,-0.9902647368421053,0.241256842105263,-6.220171578947401,-14.99075473684187,-32.935314210526336,N4
1.5154000000000012,0.12459709302325588,-0.9892062790697673,0.24138232558139552,-6.490325232558171,-13.60198581395338,-33.06941011627908,N4
1.5254000000000012,0.12516104651162796,-0.9876481395348835,0.24273116279069784,-6.756610116279103,-12.67885790697663,-33.17592755813955,N4
1.5354000000000012,0.12451333333333323,-0.9840899999999996,0.2416199999999998,-7.089056666666708,-12.091606666666603,-33.51654000000004,N4
1.5454000000000012,0.12425704975473022,-0.9823177435178696,0.24076508759635595,-7.245177617379119,-11.846744253679045,-33.705002852137355,N4
1.5554000000000012,0.12444485634197619,-0.9821383461807989,0.24040559215136645,-7.260155893482834,-11.818927154870355,-33.7499376804485,N4
1.5654000000000012,0.12463266292922216,-0.981958948843728,0.24004609670637697,-7.275134169586547,-11.791110056061665,-33.79487250875964,N4
1.5754000000000012,0.12482046951646814,-0.9817795515066573,0.23968660126138747,-7.290112445690261,-11.763292957252975,-33.83980733707078,N4
1.5854000000000013,0.1250082761037141,-0.9816001541695865,0.239327105816398,-7.305090721793976,-11.735475858444286,-33.88474216538192,N4
1.5954000000000013,0.12519608269096008,-0.9814207568325157,0.23896761037140848,-7.32006899789769,-11.707658759635596,-33.929676993693064,N4
1.6054000000000013,0.12538388927820604,-0.9812413594954449,0.238608114926419,-7.335047274001404,-11.679841660826906,-33.97461182200421,N4
1.6154000000000013,0.12557169586545203,-0.9810619621583742,0.23824861948142953,-7.3500255501051175,-11.652024562018216,-34.019546650315355,N4
1.6254000000000013,0.12575950245269799,-0.9808825648213033,0.23788912403644003,-7.365003826208832,-11.624207463209528,-34.0644814786265,N4
1.6354000000000013,0.12594730903994397,-0.9807031674842326,0.23752962859145055,-7.379982102312546,-11.596390364400838,-34.10941630693764,N4
1.6454000000000013,0.12613511562718993,-0.9805237701471619,0.23717013314646104,-7.39496037841626,-11.568573265592148,-34.15435113524878,N4
1.6554000000000013,0.1263229222144359,-0.980344372810091,0.23681063770147157,-7.409938654519974,-11.540756166783458,-34.19928596355992,N4
1.6654000000000013,0.12651072880168188,-0.9801649754730203,0.23645114225648206,-7.424916930623688,-11.512939067974768,-34.244220791871065,N4
1.6754000000000013,0.12669853538892784,-0.9799855781359494,0.23609164681149258,-7.439895206727402,-11.485121969166078,-34.28915562018221,N4
1.6854000000000013,0.12675962747380673,-0.9797363678696157,0.23579948777648427,-7.451713061699651,-11.45818527357392,-34.33260685681025,N4
1.6954000000000014,0.1265250523864959,-0.9793242607683351,0.23566444703143188,-7.456156600698487,-11.433302852153664,-34.372596379511066,N4
1.7054000000000014,0.12629047729918508,-0.9789121536670546,0.2355294062863795,-7.460600139697323,-11.408420430733408,-34.41258590221188,N4
1.7154000000000014,0.12605590221187424,-0.978500046565774,0.2353943655413271,-7.465043678696159,-11.38353800931315,-34.452575424912695,N4
1.7254000000000014,0.12582132712456343,-0.9780879394644935,0.2352593247962747,-7.4694872176949945,-11.358655587892896,-34.49256494761351,N4
1.7354000000000014,0.12558675203725259,-0.977675832363213,0.23512428405122232,-7.4739307566938304,-11.333773166472639,-34.532554470314324,N4
1.7454000000000014,0.12535217694994177,-0.9772637252619324,0.23498924330616994,-7.478374295692666,-11.308890745052382,-34.57254399301514,N4
1.7554000000000014,0.12511760186263093,-0.9768516181606518,0.23485420256111755,-7.482817834691502,-11.284008323632127,-34.61253351571595,N4
1.7654000000000014,0.12488302677532011,-0.9764395110593713,0.23471916181606517,-7.487261373690338,-11.25912590221187,-34.65252303841677,N4
1.7754000000000014,0.12464845168800928,-0.9760274039580907,0.23458412107101279,-7.491704912689174,-11.234243480791614,-34.69251256111758,N4
1.7854000000000014,0.12441387660069846,-0.9756152968568101,0.2344490803259604,-7.49614845168801,-11.209361059371359,-34.732502083818396,N4
1.7954000000000014,0.12417930151338763,-0.9752031897555296,0.23431403958090802,-7.5005919906868455,-11.184478637951102,-34.77249160651922,N4
1.8054000000000014,0.1239447264260768,-0.9747910826542491,0.23417899883585563,-7.505035529685681,-11.159596216530845,-34.81248112922003,N4
1.8154000000000015,0.12371015133876598,-0.9743789755529685,0.23404395809080325,-7.509479068684517,-11.13471379511059,-34.85247065192085,N4
1.8254000000000015,0.12347557625145515,-0.9739668684516879,0.23390891734575087,-7.513922607683353,-11.109831373690334,-34.89246017462166,N4
1.8354000000000015,0.12324100116414433,-0.9735547613504074,0.23377387660069848,-7.518366146682189,-11.084948952270077,-34.932449697322475,N4
1.8454000000000015,0.1230064260768335,-0.9731426542491268,0.2336388358556461,-7.522809685681025,-11.060066530849822,-34.97243922002329,N4
1.8554000000000015,0.12285182300884963,-0.9726243185840706,0.23353295575221242,-7.530610973451332,-11.034927451327428,-35.02514001769914,N4
1.8654000000000015,0.12328368141592927,-0.9713269734513272,0.23364092035398232,-7.563035752212394,-11.007906212389376,-35.17105683185843,N4
1.8754000000000015,0.12371553982300891,-0.9700296283185839,0.23374888495575225,-7.595460530973456,-10.980884973451323,-35.31697364601772,N4
1.8854000000000015,0.12414739823008855,-0.9687322831858405,0.23385684955752215,-7.627885309734518,-10.95386373451327,-35.46289046017701,N4
1.8954000000000015,0.1245792566371682,-0.9674349380530972,0.23396481415929204,-7.660310088495581,-10.926842495575217,-35.6088072743363,N4
1.9054000000000015,0.12501111504424783,-0.9661375929203538,0.23407277876106197,-7.692734867256642,-10.899821256637164,-35.75472408849559,N4
1.9154000000000015,0.1303555072463784,-0.9661992753623191,0.23059478260869457,-7.834715217391343,-11.041488913043528,-36.123242028985594,N4
1.9254000000000016,0.14107859872611597,-0.9677199363057326,0.2234702547770696,-8.081590955414022,-11.378517707006427,-36.710650445859905,N4
1.9354000000000016,0.15017414012738997,-0.9684970063694269,0.2203619745222925,-8.139934904458608,-11.767492229299425,-36.973210955414054,N4
1.9454000000000016,0.15552935064935097,-0.9686842857142857,0.2192819480519482,-8.139586493506485,-11.933578961038954,-37.13274792207793,N4
1.9554000000000016,0.15743194805194835,-0.9683271428571428,0.220074155844156,-8.08506051948051,-11.89392311688311,-37.197186233766246,N4
1.9654000000000016,0.15933454545454573,-0.96797,0.22086636363636378,-8.030534545454538,-11.854267272727267,-37.26162454545456,N4
1.9754000000000016,0.163388875739646,-0.9660542603550291,0.221088698224852,-8.04769964497043,-11.776411715976312,-37.43285769230774,N4
1.9854000000000016,0.1701817751479301,-0.9621548520710054,0.22058573964497033,-8.156107928994102,-11.649938343195247,-37.74001153846159,N4
1.9954000000000016,0.17149144578313247,-0.9572086144578306,0.22327024096385598,-8.210801867469886,-11.556241686746976,-38.099608734939814,N4
2.0054000000000016,0.17109352112676068,-0.9519799295774641,0.22666066901408446,-8.25395626760565,-11.467856690140824,-38.48242320422541,N4
2.0154000000000014,0.17191042253521138,-0.9474235915492952,0.2264458802816901,-8.36147035211269,-11.322708802816884,-38.923236584507094,N4
2.0254000000000016,0.17272732394366208,-0.9428672535211261,0.22623109154929574,-8.468984436619735,-11.177560915492936,-39.3640499647888,N4
2.035400000000002,0.17426159763313676,-0.939016568047337,0.22542059171597587,-8.612856686390579,-11.023531360946713,-39.95664076923095,N4
2.0454000000000017,0.1779479881656811,-0.9372828402366861,0.2228229585798812,-8.865803431952706,-10.842856804733696,-41.00456384615403,N4
2.0554000000000014,0.1781640425531911,-0.9370561702127661,0.2185304964538998,-9.128689219858199,-10.799740141843982,-42.114451702127845,N4
2.0654000000000017,0.17657257812500063,-0.9380270312500002,0.21176132812499762,-9.39992921875005,-10.87106273437502,-43.32287945312527,N4
2.075400000000002,0.1801897656250006,-0.9390739062500002,0.1985035156249977,-9.674257343750048,-10.978414296875018,-44.81380914062526,N4
2.0854000000000017,0.18529610738255115,-0.9379254362416105,0.19242999999999924,-9.816894966442971,-11.402431946308797,-46.15758899328879,N4
2.0954000000000015,0.18885324900133163,-0.9369050066577896,0.1891693475366178,-9.890039906790944,-11.72131135818909,-47.02074661784289,N4
2.1054000000000017,0.18951969374167787,-0.9366287083888148,0.1887465778961384,-9.881908082556588,-11.791446511318254,-47.13560613848204,N4
2.115400000000002,0.1901861384820241,-0.9363524101198402,0.18832380825565903,-9.873776258322234,-11.861581664447417,-47.25046565912119,N4
2.1254000000000017,0.19085258322237028,-0.9360761118508655,0.18790103861517968,-9.86564443408788,-11.931716817576577,-47.36532517976034,N4
2.1354000000000015,0.19151902796271647,-0.9357998135818908,0.18747826897470035,-9.857512609853528,-12.001851970705737,-47.480184700399484,N4
2.1454000000000018,0.1921854727030627,-0.9355235153129161,0.18705549933422097,-9.849380785619173,-12.071987123834898,-47.595044221038634,N4
2.155400000000002,0.1928519174434089,-0.9352472170439414,0.1866327296937416,-9.841248961384817,-12.142122276964061,-47.709903741677785,N4
2.1654000000000018,0.1935183621837551,-0.9349709187749666,0.18620996005326224,-9.833117137150465,-12.21225743009322,-47.82476326231693,N4
2.1754000000000016,0.1941848069241013,-0.934694620505992,0.18578719041278288,-9.82498531291611,-12.28239258322238,-47.93962278295607,N4
2.185400000000002,0.19485125166444753,-0.9344183222370173,0.18536442077230353,-9.816853488681756,-12.352527736351544,-48.05448230359522,N4
2.1954000000000016,0.19551769640479372,-0.9341420239680426,0.18494165113182418,-9.808721664447402,-12.422662889480703,-48.16934182423437,N4
2.205400000000002,0.19618414114513993,-0.9338657256990679,0.1845188814913448,-9.800589840213048,-12.492798042609866,-48.28420134487352,N4
2.215400000000002,0.19685058588548615,-0.9335894274300932,0.18409611185086544,-9.792458015978692,-12.562933195739028,-48.39906086551267,N4
2.225400000000002,0.19751703062583234,-0.9333131291611185,0.1836733422103861,-9.78432619174434,-12.633068348868187,-48.51392038615182,N4
2.2354000000000016,0.19818347536617853,-0.9330368308921437,0.18325057256990673,-9.776194367509985,-12.703203501997347,-48.62877990679096,N4
2.245400000000002,0.19894591397849481,-0.9328154838709677,0.18287505376344082,-9.762453655913973,-12.766476236559148,-48.73446591397851,N4
2.255400000000002,0.1998790083632021,-0.9326918279569892,0.1825835364396654,-9.738741589008358,-12.817549115890094,-48.823843452807665,N4
2.265400000000002,0.2008121027479094,-0.9325681720430108,0.18229201911589005,-9.715029522102743,-12.868621995221037,-48.91322099163681,N4
2.2754000000000016,0.20174519713261665,-0.9324445161290322,0.18200050179211466,-9.691317455197128,-12.919694874551979,-49.00259853046596,N4
2.285400000000002,0.20267829151732397,-0.9323208602150538,0.18170898446833925,-9.667605388291513,-12.970767753882924,-49.091976069295114,N4
2.295400000000002,0.20361138590203126,-0.9321972043010752,0.18141746714456386,-9.643893321385896,-13.02184063321387,-49.18135360812427,N4
2.305400000000002,0.20454448028673855,-0.9320735483870968,0.18112594982078847,-9.620181254480283,-13.072913512544812,-49.27073114695342,N4
2.3154000000000017,0.2054775746714458,-0.9319498924731183,0.1808344324970131,-9.596469187574668,-13.123986391875755,-49.36010868578257,N4
2.325400000000002,0.20641066905615313,-0.9318262365591398,0.1805429151732377,-9.572757120669051,-13.1750592712067,-49.449486224611725,N4
2.335400000000002,0.20734376344086042,-0.9317025806451613,0.1802513978494623,-9.549045053763436,-13.226132150537646,-49.53886376344088,N4
2.345400000000002,0.2082768578255677,-0.9315789247311828,0.17995988052568693,-9.525332986857821,-13.277205029868588,-49.62824130227003,N4
2.3554000000000017,0.20920995221027497,-0.9314552688172043,0.17966836320191154,-9.501620919952206,-13.328277909199532,-49.71761884109918,N4
2.365400000000002,0.21014304659498229,-0.9313316129032257,0.17937684587813615,-9.477908853046591,-13.379350788530477,-49.806996379928336,N4
2.375400000000002,0.2110761409796896,-0.9312079569892473,0.17908532855436074,-9.454196786140974,-13.43042366786142,-49.89637391875749,N4
2.385400000000002,0.21200923536439686,-0.9310843010752688,0.17879381123058538,-9.43048471923536,-13.481496547192364,-49.98575145758664,N4
2.3954000000000018,0.21294232974910413,-0.9309606451612903,0.17850229390681,-9.406772652329744,-13.532569426523306,-50.075128996415785,N4
2.405400000000002,0.21387542413381144,-0.9308369892473118,0.17821077658303458,-9.38306058542413,-13.583642305854251,-50.16450653524494,N4
2.415400000000002,0.23053800000000607,-0.9274179999999987,0.17741599999999974,-8.958781999999845,-13.3343499999999,-51.0045780000003,N4
2.425400000000002,0.25543888157894856,-0.9225571052631584,0.17667138157894813,-8.32181782894733,-12.853256447368208,-52.26084723684224,N4
2.435400000000002,0.26170861842105364,-0.9253728947368426,0.1806911184210533,-8.120929671052599,-11.738348552631397,-52.93380776315801,N4
2.445400000000002,0.2703228057553976,-0.9264935971223022,0.1859741007194256,-8.03053,-10.372783884891799,-53.80449323741026,N4
2.4554000000000022,0.2798848936170222,-0.9261372340425531,0.19102263829787203,-8.038845914893628,-8.93286127659559,-54.76427200000012,N4
2.465400000000002,0.2843529787234051,-0.9253074468085105,0.18941412765957416,-8.090820382978734,-8.179244255319006,-55.34247200000011,N4
2.475400000000002,0.288821063829788,-0.9244776595744679,0.18780561702127632,-8.14279485106384,-7.425627234042421,-55.9206720000001,N4
2.485400000000002,0.29610561643835787,-0.9248581506849316,0.18763315068493153,-8.186551301369873,-6.875875479451947,-56.665791917808384,N4
2.4954000000000023,0.3034226315789489,-0.925837368421053,0.18664789473684132,-8.133387368420996,-6.609885789473727,-57.42868578947387,N4
2.505400000000002,0.3095807096774208,-0.927757483870972,0.18363567741935535,-7.90209612903219,-6.782569870967785,-58.14568380645171,N4
2.515400000000002,0.31611619354838827,-0.9471316774193583,0.18591954838709718,-7.586902580645105,-6.979563419354874,-58.559374129032335,N4
2.525400000000002,0.3245357823129272,-0.97152877551021,0.1873250340136055,-7.444254829931983,-7.152308639455811,-58.82744285714288,N4
2.5354000000000023,0.33508000000000077,-1.0015899999999998,0.1877399999999996,-7.496179999999853,-7.297710000000031,-58.931299999999936,N4
2.545400000000002,0.338527580645162,-1.0006061290322579,0.18596983870967707,-6.83747838709664,-7.433145483870995,-58.64811854838704,N4
2.555400000000002,0.3419751612903232,-0.9996222580645159,0.18419967741935453,-6.178776774193427,-7.56858096774196,-58.36493709677414,N4
2.565400000000002,0.34781637681159594,-0.9950088405797084,0.18486855072463831,-4.999671304347467,-7.604824202898539,-57.929863043478136,N4
2.5754000000000024,0.355738732394368,-0.98825661971831,0.18810169014084635,-3.42952478873214,-7.602406901408531,-57.34932169014069,N4
2.585400000000002,0.36287253521126916,-0.9889467605633805,0.19325661971831096,-2.408130422534994,-7.924956197183167,-56.73647661971818,N4
2.595400000000002,0.36511934036939325,-0.9887861741424802,0.19516970976253312,-2.0423800527704277,-8.02397079155673,-56.506147757255924,N4
2.605400000000002,0.36546564643799484,-0.9882947493403693,0.1958220844327178,-1.9316023482849367,-8.036055224274408,-56.42457519788917,N4
2.6154000000000024,0.3658119525065964,-0.9878033245382585,0.19647445910290254,-1.8208246437994458,-8.048139656992086,-56.34300263852241,N4
2.625400000000002,0.366158258575198,-0.9873118997361476,0.19712683377308723,-1.71004693931396,-8.060224089709765,-56.26143007915566,N4
2.635400000000002,0.36650456464379955,-0.9868204749340368,0.1977792084432719,-1.599269234828474,-8.072308522427443,-56.179857519788904,N4
2.645400000000002,0.36685087071240113,-0.986329050131926,0.19843158311345663,-1.488491530342983,-8.084392955145121,-56.09828496042215,N4
2.6554000000000024,0.3671971767810027,-0.9858376253298151,0.19908395778364132,-1.3777138258574921,-8.0964773878628,-56.01671240105539,N4
2.665400000000002,0.3675434828496043,-0.9853462005277044,0.19973633245382602,-1.2669361213720063,-8.108561820580478,-55.93513984168864,N4
2.675400000000002,0.3678897889182059,-0.9848547757255935,0.2003887071240107,-1.1561584168865204,-8.120646253298155,-55.85356728232188,N4
2.6854000000000022,0.3682360949868075,-0.9843633509234827,0.20104108179419541,-1.0453807124010295,-8.132730686015833,-55.77199472295513,N4
2.6954000000000025,0.36858240105540907,-0.9838719261213719,0.2016934564643801,-0.9346030079155385,-8.144815118733513,-55.69042216358837,N4
2.7054000000000022,0.36892870712401066,-0.983380501319261,0.2023458311345648,-0.8238253034300527,-8.15689955145119,-55.60884960422162,N4
2.715400000000002,0.36927501319261224,-0.9828890765171503,0.20299820580474948,-0.7130475989445666,-8.168983984168868,-55.52727704485486,N4
2.7254000000000023,0.36962131926121383,-0.9823976517150395,0.2036505804749342,-0.6022698944590759,-8.181068416886546,-55.44570448548811,N4
2.7354000000000025,0.3699676253298154,-0.9819062269129286,0.2043029551451189,-0.4914921899735849,-8.193152849604225,-55.36413192612135,N4
2.7454000000000023,0.37188765217391384,-0.9795206086956512,0.20499173913043495,-0.26060513043470257,-8.148287913043456,-55.33381686956522,N4
2.755400000000002,0.3750441739130442,-0.975646695652173,0.20570913043478276,0.06465356521746257,-8.05867704347824,-55.34377556521739,N4
2.7654000000000023,0.3782006956521746,-0.9717727826086947,0.2064265217391306,0.38991226086964215,-7.969066173913022,-55.353734260869565,N4
2.7754000000000025,0.3813572173913051,-0.9678988695652164,0.20714391304347843,0.7151709565218216,-7.879455304347804,-55.36369295652174,N4
2.7854000000000023,0.38451373913043546,-0.9640249565217383,0.20786130434782624,1.0404296521739869,-7.789844434782589,-55.37365165217391,N4
2.795400000000002,0.38527305751765906,-0.9631071342078706,0.20823873864783055,1.1052034712411816,-7.745588355196762,-55.40732644803229,N4
2.8054000000000023,0.3859324924318871,-0.9623124823410695,0.20860200807265397,1.1591237537840688,-7.703222058526731,-55.441989414732596,N4
2.8154000000000026,0.3865919273461152,-0.9615178304742682,0.20896527749747737,1.2130440363269561,-7.6608557618567,-55.4766523814329,N4
2.8254000000000024,0.38725136226034323,-0.960723178607467,0.2093285469223008,1.266964318869841,-7.618489465186671,-55.5113153481332,N4
2.835400000000002,0.3879107971745713,-0.9599285267406659,0.2096918163471242,1.3208846014127258,-7.5761231685166415,-55.545978314833505,N4
2.8454000000000024,0.3885702320887993,-0.9591338748738646,0.21005508577194762,1.3748048839556128,-7.5337568718466095,-55.58064128153381,N4
2.8554000000000026,0.3892296670030274,-0.9583392230070633,0.21041835519677102,1.4287251664985001,-7.491390575176578,-55.61530424823411,N4
2.8654000000000024,0.38988910191725545,-0.9575445711402621,0.21078162462159444,1.482645449041385,-7.449024278506549,-55.649967214934414,N4
2.875400000000002,0.3905485368314835,-0.956749919273461,0.21114489404641784,1.5365657315842698,-7.40665798183652,-55.68463018163472,N4
2.8854000000000024,0.39120797174571154,-0.9559552674066597,0.21150816347124127,1.590486014127157,-7.364291685166489,-55.71929314833502,N4
2.8954000000000026,0.39186740665993963,-0.9551606155398585,0.21187143289606467,1.6444062966700443,-7.3219253884964575,-55.75395611503533,N4
2.9054000000000024,0.3925268415741677,-0.9543659636730573,0.2122347023208881,1.6983265792129292,-7.279559091826428,-55.788619081735625,N4
2.915400000000002,0.3931862764883957,-0.9535713118062561,0.2125979717457115,1.752246861755814,-7.237192795156399,-55.82328204843593,N4
2.9254000000000024,0.39384571140262375,-0.9527766599394549,0.2129612411705349,1.8061671442987013,-7.194826498486367,-55.85794501513623,N4
2.9354000000000027,0.39450514631685185,-0.9519820080726537,0.2133245105953583,1.8600874268415883,-7.152460201816336,-55.89260798183654,N4
2.9454000000000025,0.3951645812310799,-0.9511873562058525,0.21368778002018174,1.9140077093844732,-7.110093905146306,-55.92727094853684,N4
2.9554000000000022,0.39582401614530793,-0.9503927043390512,0.21405104944500514,1.967927991927358,-7.067727608476277,-55.96193391523714,N4
2.9654000000000025,0.396483451059536,-0.94959805247225,0.21441431886982854,2.0218482744702455,-7.025361311806246,-55.99659688193745,N4
2.9754000000000027,0.39714288597376407,-0.9488034006054488,0.21477758829465196,2.0757685570131326,-6.982995015136215,-56.03125984863775,N4
2.9854000000000025,0.39784550094517984,-0.9479164839319467,0.21502542533081273,2.1463827599244287,-6.9085797731568315,-56.067130756143676,N4
2.9954000000000023,0.3988133648393197,-0.9464627977315686,0.2145641776937617,2.3195453308128937,-6.637292438563265,-56.110421871455586,N4
3.0054000000000025,0.3997812287334596,-0.9450091115311905,0.21410293005671066,2.492707901701366,-6.366005103969687,-56.153712986767495,N4
3.0154000000000027,0.4007490926275995,-0.9435554253308125,0.2136416824196596,2.6658704725898383,-6.094717769376109,-56.19700410207941,N4
3.0254000000000025,0.4017169565217394,-0.9421017391304344,0.2131804347826086,2.839033043478303,-5.823430434782543,-56.24029521739132,N4
3.0354000000000023,0.4026848204158793,-0.9406480529300564,0.21271918714555757,3.0121956143667674,-5.552143100188977,-56.28358633270322,N4
3.0454000000000025,0.4015739490445856,-0.9376526114649674,0.2192550955414032,3.600236560509719,-4.469978025477402,-56.34793955414015,N4
3.055400000000003,0.40368609467455935,-0.9350581065088756,0.22371840236686277,4.104162721893519,-3.3474886982246135,-56.51836396449716,N4
3.0654000000000026,0.4150292899408312,-0.9341942011834318,0.2196769822485197,4.203529585798841,-2.4892697633133962,-56.951985266272295,N4
3.0754000000000024,0.4210601474926259,-0.9334153392330382,0.21835938053097356,4.3744702949853,-2.0444010324483424,-57.148369793510334,N4
3.0854000000000026,0.42339938053097403,-0.9326955752212388,0.21893460176991164,4.595148761062001,-1.8867756637167756,-57.17989486725664,N4
3.095400000000003,0.42573861356932213,-0.9319758112094393,0.21950982300884972,4.815827227138702,-1.7291502949852087,-57.21141994100296,N4
3.1054000000000026,0.42833765957446895,-0.929763829787232,0.22113914893617165,5.0719540425532905,-1.4503787234040664,-57.283741063829844,N4
3.1154000000000024,0.4319759574468094,-0.9215829787234022,0.22698489361702268,5.469874255319245,-0.6870223404253473,-57.51924638297878,N4
3.1254000000000026,0.4380810588235325,-0.9133545882352918,0.2316018823529417,5.835294823529491,0.22002611764738503,-57.8719358823531,N4
3.135400000000003,0.44942811764706186,-0.905025176470586,0.2336077647058829,6.131653647058904,1.4324202352944468,-58.473641764706045,N4
3.1454000000000026,0.46180000000000326,-0.896594492753621,0.24133826086956803,6.3471585507246795,2.8396947826090786,-58.92864391304357,N4
3.1554000000000024,0.4742302290076361,-0.8893338931297702,0.25280946564885787,6.45649832061067,4.399977404580549,-59.28162938931305,N4
3.1654000000000027,0.4848561832061095,-0.8859751145038159,0.26501557251908703,6.386574656488532,6.066549923664542,-59.59629351145046,N4
3.175400000000003,0.4986838931297752,-0.8847035114503813,0.26457083969465606,6.14323083969458,7.386282137404967,-59.6508345038168,N4
3.1854000000000027,0.5057270512820521,-0.8866566666666678,0.26146858974358855,5.91230923076917,8.260125769230944,-59.35466846153832,N4
3.1954000000000025,0.5083,-0.89026,0.2574526213592228,5.714366990291282,8.848583689320426,-58.86371097087369,N4
3.2054000000000027,0.5083,-0.89026,0.2554963106796111,5.788483495145652,8.996811844660236,-58.50056048543679,N4
3.215400000000003,0.5082999999999986,-0.8902599999999999,0.2535399999999994,5.862600000000102,9.145039999999932,-58.13740999999987,N4
3.2254000000000027,0.5038571428571417,-0.8899099999999999,0.2516185714285709,6.189750000000089,8.926932857142797,-57.70120285714274,N4
3.2354000000000025,0.5021928274009403,-0.8895685224983209,0.25096323035594365,6.3359899865681735,8.795395977165864,-57.50149662860979,N4
3.2454000000000027,0.502380873069174,-0.8892327266621892,0.25115194761584964,6.361623297515118,8.721572605775668,-57.4594576762928,N4
3.255400000000003,0.5025689187374077,-0.8888969308260576,0.2513406648757556,6.387256608462063,8.647749234385472,-57.41741872397581,N4
3.2654000000000027,0.5027569644056414,-0.888561134989926,0.25152938213566156,6.4128899194090065,8.573925862995278,-57.37537977165882,N4
3.2754000000000025,0.5029450100738752,-0.8882253391537943,0.25171809939556755,6.43852323035595,8.500102491605084,-57.33334081934183,N4
3.2854000000000028,0.5031330557421089,-0.8878895433176627,0.25190681665547354,6.464156541302895,8.426279120214888,-57.291301867024835,N4
3.295400000000003,0.5033211014103426,-0.887553747481531,0.25209553391537953,6.48978985224984,8.352455748824692,-57.24926291470784,N4
3.305400000000003,0.5035091470785763,-0.8872179516453994,0.25228425117528547,6.515423163196783,8.278632377434498,-57.207223962390856,N4
3.3154000000000026,0.50369719274681,-0.8868821558092678,0.25247296843519146,6.541056474143727,8.204809006044306,-57.16518501007386,N4
3.325400000000003,0.5038852384150437,-0.8865463599731361,0.25266168569509745,6.566689785090672,8.130985634654108,-57.12314605775687,N4
3.335400000000003,0.5040732840832775,-0.8862105641370045,0.25285040295500344,6.592323096037617,8.057162263263912,-57.08110710543988,N4
3.345400000000003,0.5042613297515112,-0.885874768300873,0.2530391202149094,6.61795640698456,7.983338891873719,-57.039068153122884,N4
3.3554000000000026,0.5044493754197449,-0.8855389724647413,0.25322783747481536,6.643589717931504,7.9095155204835255,-56.9970292008059,N4
3.365400000000003,0.5046374210879786,-0.8852031766286097,0.25341655473472136,6.6692230288784495,7.83569214909333,-56.954990248488905,N4
3.375400000000003,0.5048254667562123,-0.8848673807924781,0.25360527199462735,6.694856339825394,7.761868777703133,-56.91295129617191,N4
3.385400000000003,0.5055102247191013,-0.884403033707865,0.25383785194976877,6.718051718440192,7.666666926635791,-56.851326074025096,N4
3.3954000000000026,0.5063978651685396,-0.8838861797752807,0.2540883476536683,6.740251321877071,7.562733020489065,-56.78170082617314,N4
3.405400000000003,0.5072855056179778,-0.8833693258426965,0.25433884335756785,6.762450925313952,7.458799114342335,-56.71207557832119,N4
3.415400000000003,0.508173146067416,-0.8828524719101122,0.25458933906146736,6.784650528750833,7.354865208195604,-56.642450330469245,N4
3.425400000000003,0.5090607865168542,-0.8823356179775279,0.2548398347653669,6.806850132187713,7.250931302048878,-56.57282508261729,N4
3.4354000000000027,0.5099484269662924,-0.8818187640449436,0.25509033046926644,6.829049735624593,7.146997395902152,-56.50319983476535,N4
3.445400000000003,0.5108360674157306,-0.8813019101123594,0.255340826173166,6.851249339061474,7.04306348975542,-56.433574586913394,N4
3.455400000000003,0.5117237078651689,-0.8807850561797751,0.2555913218770655,6.873448942498355,6.93912958360869,-56.36394933906144,N4
3.465400000000003,0.5126113483146071,-0.8802682022471908,0.255841817580965,6.895648545935234,6.8351956774619635,-56.294324091209496,N4
3.4754000000000027,0.5134989887640452,-0.8797513483146066,0.2560923132848646,6.917848149372115,6.731261771315237,-56.224698843357544,N4
3.485400000000003,0.5143866292134834,-0.8792344943820223,0.2563428089887641,6.940047752808995,6.627327865168507,-56.1550735955056,N4
3.495400000000003,0.5152742696629217,-0.878717640449438,0.25659330469266367,6.962247356245877,6.523393959021776,-56.085448347653646,N4
3.505400000000003,0.5161619101123599,-0.8782007865168537,0.2568438003965632,6.9844469596827565,6.41946005287505,-56.01582309980169,N4
3.5154000000000027,0.517049550561798,-0.8776839325842695,0.25709429610046275,7.006646563119636,6.315526146728324,-55.94619785194975,N4
3.525400000000003,0.5179371910112363,-0.8771670786516852,0.25734479180436226,7.028846166556518,6.211592240581593,-55.876572604097795,N4
3.535400000000003,0.5241775342465786,-0.8745267123287658,0.259146301369864,7.104885890410997,5.797971506849105,-55.27115164383529,N4
3.545400000000003,0.5341947826086985,-0.8707117391304344,0.2623991304347843,7.198143913043459,5.1928295652172825,-54.25489869565182,N4
3.555400000000003,0.5434846376811622,-0.869559565217391,0.2680585507246393,7.131759855072444,4.827742608695546,-53.07113782608661,N4
3.565400000000003,0.5492443093922666,-0.8690596685082872,0.26903121546961306,6.995907845303816,4.745305966850834,-52.12045127071796,N4
3.5754000000000032,0.5537636464088413,-0.868788950276243,0.26835718232044176,6.835648176795526,4.762178895027629,-51.25165569060744,N4
3.585400000000003,0.5552995808383238,-0.8671383233532929,0.26885574850299415,6.5523632335328434,5.094941197604901,-50.595695688622556,N4
3.595400000000003,0.5556147999999993,-0.8649733333333325,0.2676606666666649,6.248551199999906,5.530790800000186,-50.01364026666655,N4
3.605400000000003,0.5530947999999993,-0.8616399999999991,0.2613939999999982,5.9126711999999015,6.1923708000001945,-49.59633359999988,N4
3.6154000000000033,0.5535263636363641,-0.8570772027972012,0.2604055244755247,5.710348391608341,6.86233237762259,-49.40692517482514,N4
3.625400000000003,0.5536343448275856,-0.8520098620689639,0.2598335862068956,5.589151310344815,7.517980551724323,-49.331715241379314,N4
3.635400000000003,0.5511929655172406,-0.846706413793102,0.2567232413793095,5.547034068965505,8.139194344827759,-49.342246275862074,N4
3.645400000000003,0.5513440366972479,-0.8424248623853198,0.2536373394495403,5.474191743119242,8.583513577981781,-49.47909458715601,N4
3.6554000000000033,0.5518486238532112,-0.8382826605504573,0.2505547706422008,5.397159633027497,9.003710825688218,-49.633167981651425,N4
3.665400000000003,0.5540538759689932,-0.835317131782945,0.24787457364341006,5.345054263565879,9.25817930232564,-49.76223418604655,N4
3.675400000000003,0.5569879844961249,-0.8328558914728675,0.24536682170542562,5.3036317829457245,9.44162116279075,-49.880583023255845,N4
3.685400000000003,0.5611588311688351,-0.8298905194805175,0.24349350649350732,5.24933506493502,9.58877467532464,-49.99424740259742,N4
3.6954000000000033,0.5743990909090951,-0.8232281818181797,0.24627272727272814,5.100627272727226,9.469813636363599,-50.073559090909114,N4
3.705400000000003,0.587141764705886,-0.8169613725490179,0.24712725490196064,4.960037745098,9.207157745097932,-50.054780882352915,N4
3.715400000000003,0.5995241176470621,-0.8109809803921553,0.24658803921568612,4.825326960784277,8.840446960784215,-49.964972058823506,N4
3.725400000000003,0.6055068460217518,-0.8078600057240982,0.24643427590154557,4.75297790497996,8.662793589009727,-49.904311803091,N4
3.7354000000000034,0.6060380423583287,-0.8071748311390954,0.24660886090440762,4.733751803091007,8.646189124212931,-49.8684818088151,N4
3.745400000000003,0.6065692386949058,-0.8064896565540925,0.24678344590726967,4.714525701202055,8.629584659416137,-49.8326518145392,N4
3.755400000000003,0.6071004350314827,-0.8058044819690897,0.24695803091013172,4.695299599313103,8.612980194619343,-49.7968218202633,N4
3.765400000000003,0.6076316313680596,-0.8051193073840868,0.24713261591299376,4.67607349742415,8.596375729822547,-49.7609918259874,N4
3.7754000000000034,0.6081628277046367,-0.8044341327990839,0.2473072009158558,4.6568473955351966,8.579771265025753,-49.725161831711496,N4
3.785400000000003,0.6086940240412136,-0.8037489582140811,0.24748178591871786,4.637621293646244,8.56316680022896,-49.689331837435596,N4
3.795400000000003,0.6092252203777907,-0.8030637836290782,0.2476563709215799,4.618395191757292,8.546562335432165,-49.65350184315969,N4
3.8054000000000032,0.6097564167143676,-0.8023786090440753,0.24783095592444196,4.599169089868339,8.52995787063537,-49.61767184888379,N4
3.8154000000000035,0.6102876130509447,-0.8016934344590725,0.248005540927304,4.579942987979386,8.513353405838576,-49.58184185460789,N4
3.8254000000000032,0.6108188093875216,-0.8010082598740695,0.24818012593016606,4.560716886090434,8.49674894104178,-49.54601186033199,N4
3.835400000000003,0.6113500057240986,-0.8003230852890667,0.2483547109330281,4.541490784201482,8.480144476244986,-49.51018186605609,N4
3.8454000000000033,0.6118812020606756,-0.7996379107040639,0.24852929593589015,4.522264682312529,8.463540011448192,-49.474351871780186,N4
3.8554000000000035,0.6124123983972527,-0.7989527361190609,0.2487038809387522,4.503038580423576,8.446935546651396,-49.43852187750428,N4
3.8654000000000033,0.6129435947338296,-0.7982675615340581,0.24887846594161425,4.483812478534624,8.430331081854602,-49.40269188322838,N4
3.875400000000003,0.6134747910704066,-0.7975823869490553,0.2490530509444763,4.464586376645673,8.413726617057808,-49.36686188895248,N4
3.8854000000000033,0.6140059874069836,-0.7968972123640524,0.24922763594733835,4.44536027475672,8.397122152261012,-49.33103189467658,N4
3.8954000000000035,0.6145030069930071,-0.7962467832167831,0.24937548951048943,4.42619884615384,8.381893531468531,-49.29525444055943,N4
3.9054000000000033,0.6145459640359641,-0.7960579720279719,0.24916819680319674,4.407896648351642,8.384943981018981,-49.26017501998001,N4
3.915400000000003,0.6145889210789212,-0.7958691608391607,0.24896090409590402,4.389594450549445,8.387994430569432,-49.22509559940059,N4
3.9254000000000033,0.6146318781218781,-0.7956803496503495,0.24875361138861132,4.371292252747247,8.39104488011988,-49.19001617882117,N4
3.9354000000000036,0.6146748351648352,-0.7954915384615383,0.2485463186813186,4.352990054945049,8.39409532967033,-49.154936758241746,N4
3.9454000000000033,0.6147177922077922,-0.7953027272727272,0.2483390259740259,4.334687857142851,8.39714577922078,-49.119857337662324,N4
3.955400000000003,0.6147607492507493,-0.795113916083916,0.2481317332667332,4.3163856593406535,8.400196228771229,-49.0847779170829,N4
3.9654000000000034,0.6148037062937064,-0.7949251048951048,0.2479244405594405,4.2980834615384556,8.403246678321679,-49.04969849650348,N4
3.9754000000000036,0.6148466633366634,-0.7947362937062936,0.24771714785214777,4.279781263736257,8.40629712787213,-49.01461907592406,N4
3.9854000000000034,0.6148896203796205,-0.7945474825174824,0.24750985514485507,4.26147906593406,8.409347577422578,-48.979539655344645,N4
3.995400000000003,0.6149325774225775,-0.7943586713286712,0.24730256243756238,4.2431768681318625,8.412398026973028,-48.944460234765224,N4
4.005400000000003,0.6149755344655345,-0.79416986013986,0.24709526973026966,4.224874670329664,8.415448476523478,-48.9093808141858,N4
4.015400000000003,0.6150184915084915,-0.7939810489510488,0.24688797702297696,4.2065724725274665,8.418498926073926,-48.87430139360638,N4
4.025400000000003,0.6150614485514486,-0.7937922377622376,0.24668068431568427,4.188270274725269,8.421549375624377,-48.83922197302696,N4
4.035400000000003,0.6151044055944056,-0.7936034265734265,0.24647339160839155,4.169968076923071,8.424599825174827,-48.804142552447544,N4
4.045400000000003,0.6151473626373627,-0.7934146153846153,0.24626609890109885,4.1516658791208725,8.427650274725275,-48.769063131868116,N4
4.055400000000004,0.6151903196803197,-0.7932258041958041,0.24605880619380613,4.133363681318674,8.430700724275725,-48.733983711288694,N4
4.065400000000004,0.6152332767232768,-0.7930369930069929,0.2458515134865134,4.1150614835164765,8.433751173826176,-48.69890429070927,N4
4.075400000000004,0.6152762337662337,-0.7928481818181817,0.2456442207792207,4.0967592857142785,8.436801623376624,-48.66382487012986,N4
4.0854000000000035,0.6153191908091908,-0.7926593706293705,0.24543692807192802,4.078457087912081,8.439852072927074,-48.628745449550436,N4
