time,ax_g,ay_g,az_g,gx_dps,gy_dps,gz_dps,label
0.1907,-0.45337,-0.18555,0.28003,62.0,22.68702,-32.1832,G11
0.20070000000000002,-0.4595847239263804,-0.1806788343558282,0.2901404294478528,63.81707361963191,22.452860490797548,-31.42453128834356,G11
0.21070000000000003,-0.46225194029850747,-0.1726232835820895,0.2958031343283582,65.67425947761195,21.710946044776115,-30.668341044776117,G11
0.22070000000000004,-0.4584135897435897,-0.15926205128205126,0.29368999999999995,67.61087794871796,20.09042692307692,-29.909178717948716,G11
0.23070000000000004,-0.43953324786324777,-0.14966376068376064,0.2850233333333333,69.90747623931625,18.015657692307684,-28.917469316239313,G11
0.24070000000000005,-0.42503893939393933,-0.14760333333333334,0.27848060606060604,72.35762378787881,16.511684393939387,-27.56511787878787,G11
0.25070000000000003,-0.4104878461538461,-0.1478763076923077,0.28009538461538463,74.98649861538462,15.704055999999998,-25.83158953846153,G11
0.26070000000000004,-0.39928234042553196,-0.1481770212765957,0.29082595744680867,77.73363638297874,15.652431489361707,-23.733634468085093,G11
0.27070000000000005,-0.4007504255319149,-0.14558127659574466,0.30935078014184414,80.4405796453901,16.367062695035468,-21.351528085106366,G11
0.28070000000000006,-0.39902123188405797,-0.1325877536231883,0.3242463043478262,82.91171768115944,17.63635579710146,-19.155995362318826,G11
0.29070000000000007,-0.39436753012048187,-0.11857722891566258,0.33580349397590364,84.885776686747,19.261936746987963,-17.37349650602409,G11
0.3007000000000001,-0.3869398192771084,-0.10592662650602402,0.34418903614457835,86.31132487951808,21.1841295180723,-16.049110963855412,G11
0.3107000000000001,-0.3866966666666667,-0.0910962295081966,0.35380251366120224,87.23021836065574,23.439787431694008,-14.848287267759552,G11
0.3207000000000001,-0.38836333333333334,-0.07568639344262279,0.36374240437158484,88.01443147540985,25.784087978142097,-13.68030912568305,G11
0.3307000000000001,-0.3920007317073171,-0.06692756097560967,0.3802843902439026,88.57307414634147,29.068332195121982,-12.284116829268278,G11
0.3407000000000001,-0.39856372972972987,-0.061096,0.3946345945945947,88.99145513513514,32.31591183783787,-10.895148540540527,G11
0.3507000000000001,-0.4111691351351353,-0.06089599999999999,0.4037427027027028,89.13175243243244,35.40235508108112,-9.541737729729713,G11
0.36070000000000013,-0.42309798206278043,-0.0616899551569507,0.41155439461883414,89.16427999999999,37.84904224215249,-8.187316547085182,G11
0.37070000000000014,-0.43426390134529164,-0.06360475336322872,0.4179041704035875,89.07527999999999,39.57430233183859,-6.831756008968592,G11
0.38070000000000015,-0.4429138095238095,-0.0650136231884058,0.42274623188405797,88.99803072463767,40.90749983436853,-5.734771573498961,G11
0.39070000000000016,-0.4435963492063492,-0.06482038647342996,0.4228138647342995,88.95799207729468,40.999165810904074,-5.456611463077981,G11
0.40070000000000017,-0.4442788888888889,-0.06462714975845411,0.4228814975845411,88.91795342995168,41.09083178743962,-5.178451352657,G11
0.4107000000000002,-0.44496142857142856,-0.06443391304347826,0.4229491304347826,88.8779147826087,41.18249776397516,-4.900291242236021,G11
0.4207000000000002,-0.44564396825396824,-0.06424067632850242,0.42301676328502413,88.8378761352657,41.2741637405107,-4.62213113181504,G11
0.4307000000000002,-0.4463265079365079,-0.06404743961352657,0.4230843961352657,88.7978374879227,41.36582971704624,-4.34397102139406,G11
0.4407000000000002,-0.44700904761904764,-0.06385420289855073,0.42315202898550724,88.75779884057971,41.457495693581784,-4.065810910973079,G11
0.4507000000000002,-0.4476915873015873,-0.06366096618357488,0.4232196618357488,88.71776019323671,41.54916167011733,-3.7876508005520995,G11
0.4607000000000002,-0.448374126984127,-0.06346772946859904,0.4232872946859903,88.67772154589372,41.640827646652866,-3.5094906901311194,G11
0.47070000000000023,-0.44905666666666666,-0.0632744927536232,0.4233549275362319,88.63768289855072,41.73249362318841,-3.231330579710139,G11
0.48070000000000024,-0.44973920634920633,-0.06308125603864734,0.4234225603864734,88.59764425120773,41.82415959972395,-2.9531704692891587,G11
0.49070000000000025,-0.450421746031746,-0.0628880193236715,0.42349019323671494,88.55760560386473,41.91582557625949,-2.6750103588681786,G11
0.5007000000000003,-0.45110428571428574,-0.06269478260869565,0.4235578260869565,88.51756695652173,42.00749155279504,-2.3968502484471985,G11
0.5107000000000003,-0.4517868253968254,-0.0625015458937198,0.42362545893719805,88.47752830917875,42.099157529330576,-2.118690138026218,G11
0.5207000000000003,-0.4524693650793651,-0.062308309178743956,0.4236930917874396,88.43748966183576,42.19082350586612,-1.8405300276052379,G11
0.5307000000000003,-0.4526236956521739,-0.06180788484136309,0.4242048589894242,88.39787835487661,42.22786793772033,-1.548306539365444,G11
0.5407000000000003,-0.4526019565217391,-0.061205064629847226,0.42486467097532316,88.3584094947121,42.246705188014104,-1.2513952585193804,G11
0.5507000000000003,-0.45258021739130433,-0.060602244418331355,0.4255244829612221,88.31894063454759,42.265542438307875,-0.9544839776733167,G11
0.5607000000000003,-0.45255847826086953,-0.05999942420681549,0.426184294947121,88.27947177438308,42.284379688601646,-0.6575726968272531,G11
0.5707000000000003,-0.4525367391304348,-0.05939660399529963,0.42684410693302,88.24000291421856,42.30321693889542,-0.3606614159811894,G11
0.5807000000000003,-0.452515,-0.05879378378378376,0.4275039189189189,88.20053405405406,42.32205418918919,-0.06375013513512573,G11
0.5907000000000003,-0.4524932608695652,-0.0581909635722679,0.42816373090481785,88.16106519388954,42.34089143948297,0.23316114571093816,G11
0.6007000000000003,-0.4524715217391304,-0.057588143360752034,0.42882354289071684,88.12159633372502,42.35972868977674,0.5300724265570016,G11
0.6107000000000004,-0.45244978260869567,-0.05698532314923617,0.42948335487661576,88.08212747356052,42.37856594007051,0.8269837074030655,G11
0.6207000000000004,-0.4524280434782609,-0.056382502937720305,0.4301431668625147,88.042658613396,42.39740319036428,1.123894988249129,G11
0.6307000000000004,-0.4524063043478261,-0.05577968272620444,0.4308029788484136,88.0031897532315,42.41624044065805,1.4208062690951928,G11
0.6407000000000004,-0.4523845652173913,-0.05517686251468858,0.4314627908343126,87.96372089306698,42.43507769095182,1.7177175499412562,G11
0.6507000000000004,-0.45236282608695655,-0.05457404230317271,0.43212260282021153,87.92425203290246,42.4539149412456,2.01462883078732,G11
0.6607000000000004,-0.45234108695652175,-0.05397122209165685,0.43278241480611046,87.88478317273795,42.47275219153937,2.3115401116333834,G11
0.6707000000000004,-0.45231934782608696,-0.053368401880140984,0.4334422267920094,87.84531431257344,42.49158944183314,2.608451392479447,G11
0.6807000000000004,-0.45229760869565216,-0.05276558166862512,0.43410203877790837,87.80584545240893,42.51042669212691,2.905362673325511,G11
0.6907000000000004,-0.45227586956521737,-0.052162761457109255,0.4347618507638073,87.76637659224441,42.529263942420684,3.2022739541715746,G11
0.7007000000000004,-0.45401627450980403,-0.048185392156862523,0.437122843137255,87.62096104575163,42.76016571895426,4.582694052287658,G11
0.7107000000000004,-0.4564084313725491,-0.04295990196078408,0.4401130392156864,87.43635973856207,43.06950232026145,6.363863986928185,G11
0.7207000000000005,-0.45880058823529424,-0.037734411764705635,0.44310323529411777,87.25175843137254,43.378838921568644,8.14503392156871,G11
0.7307000000000005,-0.45827005988023944,-0.026264910179640045,0.44330766467065863,86.90295664670657,44.33231347305395,10.588744071856416,G11
0.7407000000000005,-0.45630000000000037,-0.011719999999999219,0.44213999999999937,86.47327999999996,45.60305000000011,13.358780000000102,G11
0.7507000000000005,-0.4646636363636368,0.00586741258741341,0.42805608391608324,85.57646881118876,47.97320384615396,15.675542237762345,G11
0.7607000000000005,-0.47319842323651495,0.018827261410788835,0.4162550622406634,84.95251850622404,50.05758647302914,17.20616639004154,G11
0.7707000000000005,-0.4818623236514527,0.028296141078838634,0.40617622406638954,84.53441062240661,51.92638730290466,18.143739004149424,G11
0.7807000000000005,-0.49327684210526446,0.036494210526315865,0.39930263157894785,84.20891368421053,54.09561789473703,19.143433684210592,G11
0.7907000000000005,-0.5191321052631592,0.03802052631578955,0.4092565789473689,84.36962421052633,57.842104736842295,20.469269210526384,G11
0.8007000000000005,-0.553103880597017,0.03274313432835772,0.42508597014925475,84.59519343283584,62.07109313432859,22.018460149253823,G11
0.8107000000000005,-0.5932575510204106,0.026394489795918373,0.44126979591836785,84.73500959183673,65.79466795918377,23.82645224489808,G11
0.8207000000000005,-0.6371827210884377,0.026476122448979594,0.450569115646259,84.58960823129252,67.70566115646268,25.94515972789127,G11
0.8307000000000005,-0.6816174218750022,0.042402656250000975,0.46576070312500084,84.13919078124998,66.04066984374988,29.126788828125175,G11
0.8407000000000006,-0.7116860416666676,0.06384805555555675,0.4736097916666667,83.06869659722214,61.71384701388859,32.55163340277795,G11
0.8507000000000006,-0.7274024409448816,0.0880164566929151,0.47305866141732217,81.41106818897623,55.548240314960175,35.995191259842706,G11
0.8607000000000006,-0.7227882677165351,0.1191660629921279,0.46113740157480243,78.69423354330692,47.27751590551131,39.42129362204746,G11
0.8707000000000006,-0.6943130872483201,0.14107402684563883,0.4501478523489926,76.46928577181194,41.573233557046656,41.64782946308737,G11
0.8807000000000006,-0.6627162790697657,0.15568069767441886,0.4404567441860461,74.66642976744178,37.87750186046507,43.406350930232634,G11
0.8907000000000006,-0.6337627906976727,0.1599969767441863,0.43284744186046464,73.47345767441854,37.00407860465111,44.72003930232565,G11
0.9007000000000006,-0.6104734306569343,0.16311496350364954,0.42656934306569333,72.49211167883212,36.38423897810221,45.82425802919709,G11
0.9107000000000006,-0.6098405839416058,0.16143978102189774,0.4256160583941605,72.35727007299269,36.77873386861316,46.09059817518249,G11
0.9207000000000006,-0.6092077372262773,0.1597645985401459,0.4246627737226277,72.22242846715328,37.17322875912411,46.356938321167895,G11
0.9307000000000006,-0.6085748905109489,0.15808941605839408,0.4237094890510948,72.08758686131387,37.567723649635056,46.6232784671533,G11
0.9407000000000006,-0.6079420437956204,0.15641423357664225,0.42275620437956196,71.95274525547445,37.96221854014601,46.8896186131387,G11
0.9507000000000007,-0.607309197080292,0.15473905109489042,0.42180291970802913,71.81790364963503,38.35671343065696,47.155958759124104,G11
0.9607000000000007,-0.6066763503649635,0.1530638686131386,0.4208496350364963,71.68306204379562,38.75120832116791,47.4222989051095,G11
0.9707000000000007,-0.606043503649635,0.15138868613138678,0.4198963503649634,71.5482204379562,39.14570321167886,47.6886390510949,G11
0.9807000000000007,-0.6054106569343065,0.14971350364963495,0.4189430656934306,71.41337883211678,39.540198102189805,47.954979197080306,G11
0.9907000000000007,-0.604777810218978,0.14803832116788312,0.41798978102189777,71.27853722627736,39.934692992700754,48.22131934306571,G11
1.0007000000000008,-0.6041449635036495,0.14636313868613127,0.4170364963503649,71.14369562043795,40.32918788321171,48.48765948905111,G11
1.0107000000000008,-0.6035121167883211,0.14468795620437944,0.41608321167883205,71.00885401459853,40.72368277372266,48.753999635036514,G11
1.0207000000000008,-0.6028792700729926,0.14301277372262763,0.4151299270072992,70.87401240875911,41.118177664233606,49.02033978102192,G11
1.0307000000000008,-0.6022464233576641,0.1413375912408758,0.41417664233576634,70.7391708029197,41.512672554744555,49.28667992700731,G11
1.0407000000000008,-0.603023920498831,0.1391917381137956,0.41404723304754487,70.62950643024162,42.02823410756045,49.56859473889324,G11
1.0507000000000009,-0.6052117614964927,0.13657521434138717,0.41474169914263453,70.54501929072485,42.664862322681266,49.86608421667968,G11
1.0607000000000009,-0.6073996024941545,0.13395869056897874,0.41543616523772414,70.4605321512081,43.301490537802074,50.163573694466116,G11
1.0707000000000009,-0.6095874434918163,0.13134216679657032,0.4161306313328138,70.37604501169135,43.93811875292289,50.46106317225256,G11
1.0807000000000009,-0.6117752844894779,0.1287256430241619,0.4168250974279034,70.29155787217458,44.5747469680437,50.75855265003899,G11
1.090700000000001,-0.6139631254871397,0.12610911925175347,0.417519563522993,70.20707073265783,45.21137518316451,51.056042127825435,G11
1.100700000000001,-0.6161509664848014,0.12349259547934505,0.4182140296180827,70.12258359314107,45.84800339828532,51.35353160561187,G11
1.110700000000001,-0.6183388074824632,0.12087607170693662,0.4189084957131723,70.0380964536243,46.48463161340614,51.65102108339831,G11
1.120700000000001,-0.620526648480125,0.1182595479345282,0.41960296180826195,69.95360931410755,47.121259828526945,51.948510561184754,G11
1.130700000000001,-0.6227144894777866,0.11564302416211979,0.42029742790335156,69.86912217459079,47.75788804364776,52.24600003897119,G11
1.140700000000001,-0.6249023304754484,0.11302650038971136,0.4209918939984412,69.78463503507403,48.394516258768576,52.54348951675763,G11
1.150700000000001,-0.6270901714731101,0.11040997661730294,0.42168636009353083,69.70014789555728,49.031144473889384,52.840978994544066,G11
1.160700000000001,-0.6292780124707719,0.10779345284489451,0.4223808261886205,69.61566075604051,49.6677726890102,53.13846847233051,G11
1.170700000000001,-0.637883261943988,0.10453257001647409,0.4253716803953876,69.50015128500822,50.484523476112116,53.620860164744705,G11
1.180700000000001,-0.6496493245469535,0.10095431630971956,0.4294935914332788,69.36936215815484,51.389991350906186,54.1943230971994,G11
1.190700000000001,-0.6614153871499189,0.09737606260296502,0.4336155024711701,69.23857303130147,52.295459225700256,54.7677860296541,G11
1.200700000000001,-0.6731814497528843,0.09379780889621048,0.43773741350906137,69.1077839044481,53.200927100494326,55.34124896210879,G11
1.210700000000001,-0.6849475123558497,0.09021955518945594,0.44185932454695265,68.97699477759471,54.106394975288396,55.91471189456349,G11
1.220700000000001,-0.6967135749588151,0.08664130148270141,0.4459812355848439,68.84620565074134,55.011862850082466,56.488174827018184,G11
1.230700000000001,-0.7243215873015915,0.088270317460318,0.4560395238095253,68.54186142857138,55.07355158730153,57.81776317460337,G11
1.240700000000001,-0.7624908994709033,0.09337084656084707,0.4700553968253982,68.12181380952377,54.57272089947085,59.65143513227532,G11
1.250700000000001,-0.7831508196721325,0.1107638934426252,0.48232573770491916,67.56907655737699,52.74821651639321,61.20497729508211,G11
1.260700000000001,-0.796659016393444,0.13317782786885474,0.4938831147540995,66.96214213114749,50.38305668032763,62.64410024590178,G11
1.270700000000001,-0.8051279999999995,0.1610390000000044,0.4992074999999988,66.06793549999983,47.683207499999625,64.06565200000014,G11
1.280700000000001,-0.7999724444444439,0.2036278888888933,0.487679722222221,64.39702994444427,44.07845749999963,65.43969644444459,G11
1.290700000000001,-0.7855136477987396,0.24276232704402878,0.47110584905660147,62.468960440251344,41.42781710691808,66.54702603773593,G11
1.300700000000001,-0.7605639622641484,0.27800132075472056,0.4488416981132053,60.250897547169586,39.85308754716965,67.35359207547178,G11
1.310700000000001,-0.7384119047619024,0.28869095238095316,0.4270080952380929,58.93783857142844,41.03671047619064,67.921480952381,G11
1.320700000000001,-0.7166413419913396,0.29603294372294453,0.405233203463201,57.74818922077909,42.596472380952555,68.45682294372301,G11
1.330700000000001,-0.7027072388059693,0.2910398507462671,0.391667313432835,56.1715864925371,47.50141925373217,69.47932000000016,G11
1.3407000000000011,-0.7033736423841092,0.27229529801324137,0.3853380794701984,54.44912271523165,54.937562980133265,70.86123192052996,G11
1.3507000000000011,-0.7331286092715267,0.2386661589403934,0.3825036423841056,53.215612781456805,62.399271589404854,72.21606635761606,G11
1.3607000000000011,-0.7732811764705934,0.2123605882352914,0.39486764705882565,52.669062941176435,67.69286058823582,73.41446000000013,G11
1.3707000000000011,-0.8147777559055152,0.19438255905511873,0.41170614173228465,52.3856482677165,71.33996480314963,74.40897015748035,G11
1.3807000000000011,-0.844765944881893,0.1997644488188982,0.4224226771653555,52.085112834645635,71.56235850393703,74.79365519685044,G11
1.3907000000000012,-0.8747541338582709,0.20514633858267772,0.43313921259842636,51.78457740157477,71.78475220472443,75.1783402362205,G11
1.4007000000000012,-0.9020721830985943,0.23798739436620225,0.43018401408450596,50.74293225352097,69.43758647887284,75.08934338028165,G11
1.4107000000000012,-0.9218325558867362,0.27600315201192316,0.421618725782414,49.57785681818179,66.40868006706401,74.79773091654246,G11
1.4207000000000012,-0.9211045380029805,0.28184294336810795,0.4189175335320414,49.33553863636361,65.7295064456035,74.68169142324888,G11
1.4307000000000012,-0.920376520119225,0.2876827347242928,0.41621634128166884,49.093220454545424,65.050332824143,74.56565192995528,G11
1.4407000000000012,-0.9196485022354693,0.2935225260804776,0.41351514903129627,48.85090227272725,64.37115920268249,74.44961243666168,G11
1.4507000000000012,-0.9189204843517138,0.29936231743666236,0.4108139567809237,48.60858409090906,63.691985581221985,74.3335729433681,G11
1.4607000000000012,-0.9181924664679582,0.3052021087928472,0.4081127645305511,48.36626590909088,63.01281195976148,74.2175334500745,G11
1.4707000000000012,-0.9174644485842026,0.311041900149032,0.40541157228017854,48.1239477272727,62.333638338300965,74.10149395678091,G11
1.4807000000000012,-0.916736430700447,0.31688169150521683,0.4027103800298059,47.881629545454516,61.65446471684046,73.98545446348732,G11
1.4907000000000012,-0.9160084128166914,0.3227214828614016,0.40000918777943334,47.63931136363634,60.97529109537995,73.86941497019373,G11
1.5007000000000013,-0.9152803949329358,0.3285612742175864,0.39730799552906076,47.396993181818154,60.296117473919445,73.75337547690013,G11
1.5107000000000013,-0.9145523770491802,0.33440106557377125,0.3946068032786882,47.15467499999997,59.61694385245893,73.63733598360653,G11
1.5207000000000013,-0.9138243591654246,0.34024085692995604,0.3919056110283156,46.91235681818179,58.937770230998424,73.52129649031295,G11
1.5307000000000013,-0.913096341281669,0.3460806482861408,0.38920441877794304,46.67003863636361,58.25859660953792,73.40525699701935,G11
1.5407000000000013,-0.9123683233979134,0.35192043964232567,0.3865032265275704,46.42772045454542,57.57942298807741,73.28921750372577,G11
1.5507000000000013,-0.9105609218021747,0.3556923873640605,0.38409524598653516,46.22541879337129,57.03923348006208,73.21081396685653,G11
1.5607000000000013,-0.9085003314344896,0.3589792853443816,0.38175604350077647,46.03250372345932,56.53164518384251,73.14123861729672,G11
1.5707000000000013,-0.9064397410668045,0.3622661833247027,0.3794168410150178,45.83958865354736,56.024056887622926,73.07166326773691,G11
1.5807000000000013,-0.9043791506991193,0.36555308130502373,0.37707763852925913,45.6466735836354,55.51646859140335,73.0020879181771,G11
1.5907000000000013,-0.9023185603314342,0.36883997928534484,0.3747384360435005,45.453758513723436,55.00888029518378,72.93251256861728,G11
1.6007000000000013,-0.9002579699637491,0.3721268772656659,0.3723992335577418,45.260843443811474,54.5012919989642,72.86293721905747,G11
1.6107000000000014,-0.8981973795960639,0.37541377524598696,0.3700600310719831,45.067928373899505,53.993703702744625,72.79336186949766,G11
1.6207000000000014,-0.8961367892283788,0.37870067322630807,0.36772082858622446,44.875013303987544,53.48611540652505,72.72378651993785,G11
1.6307000000000014,-0.8940761988606937,0.38198757120662913,0.36538162610046576,44.68209823407558,52.97852711030548,72.65421117037803,G11
1.6407000000000014,-0.8920156084930085,0.3852744691869502,0.36304242361470707,44.48918316416362,52.4709388140859,72.58463582081822,G11
1.6507000000000014,-0.8899550181253234,0.3885613671672713,0.3607032211289484,44.29626809425166,51.963350517866324,72.51506047125841,G11
1.6607000000000014,-0.8878944277576383,0.39184826514759236,0.35836401864318973,44.1033530243397,51.45576222164675,72.4454851216986,G11
1.6707000000000014,-0.8858338373899531,0.39513516312791347,0.3560248161574311,43.91043795442773,50.94817392542717,72.37590977213878,G11
1.6807000000000014,-0.883773247022268,0.3984220611082345,0.3536856136716724,43.717522884515766,50.4405856292076,72.30633442257897,G11
1.6907000000000014,-0.8817126566545828,0.4017089590885556,0.3513464111859137,43.524607814603804,49.93299733298802,72.23675907301914,G11
1.7007000000000014,-0.8796520662868976,0.4049958570688767,0.34900720870015506,43.33169274469184,49.42540903676844,72.16718372345933,G11
1.7107000000000014,-0.8775914759192125,0.40828275504919775,0.34666800621439636,43.138777674779874,48.91782074054887,72.09760837389952,G11
1.7207000000000015,-0.8755308855515274,0.4115696530295188,0.34432880372863767,42.94586260486791,48.410232444329296,72.0280330243397,G11
1.7307000000000015,-0.8734702951838422,0.4148565510098399,0.341989601242879,42.75294753495595,47.902644148109715,71.9584576747799,G11
1.7407000000000015,-0.8581648677248636,0.42150529100529244,0.3279681481481444,41.699262486772206,45.70612248677192,72.07714619047624,G11
1.7507000000000015,-0.8296146031745988,0.4315158730158745,0.30226444444444056,39.78480746031717,41.82066746031687,72.38409857142862,G11
1.7607000000000015,-0.8048281999999967,0.41740059999999557,0.28781953333333227,38.3552180666665,39.20640873333306,73.869713866667,G11
1.7707000000000015,-0.7844788321167877,0.38545503649634305,0.2830754014598562,37.372264233576665,37.735440218978276,76.3516973722634,G11
1.7807000000000015,-0.7805591240875907,0.33404627737225556,0.2985790510948927,37.4948481751825,38.93898766423375,80.7981280291977,G11
1.7907000000000015,-0.7971732876712363,0.29988904109588643,0.3169639726027425,37.86719602739733,41.68168986301417,85.52923123287741,G11
1.8007000000000015,-0.818661369863016,0.2832654794520567,0.3334816438356178,38.21750232876713,44.56843917808247,89.55223808219206,G11
1.8107000000000015,-0.8341305479452078,0.2961421917808239,0.342594657534248,38.28547493150686,46.435007671233166,91.49723123287701,G11
1.8207000000000015,-0.8495997260273997,0.30901890410959104,0.35170767123287816,38.353447534246584,48.30157616438386,93.44222438356195,G11
1.8307000000000015,-0.8663802631578977,0.3342889473684285,0.3594489473684219,38.111292368420926,50.51225157894782,95.16070421052653,G11
1.8407000000000016,-0.8854921052631608,0.3815915789473756,0.3647515789473692,37.3177989473683,53.33467263157937,96.47649368421072,G11
1.8507000000000016,-0.8930672027972036,0.4374923076923165,0.364812867132867,35.504830769230466,54.99695846153868,95.70053104895086,G11
1.8607000000000016,-0.8965802721088437,0.4877479591836797,0.3627957142857137,33.12405707482947,56.01765850340143,93.93031340136014,G11
1.8707000000000016,-0.8974102040816329,0.5275234693877615,0.3592242857142851,30.205635306121977,56.43309387755109,91.30268755101999,G11
1.8807000000000016,-0.8891599999999985,0.5479766666666698,0.33328999999999553,26.27480999999935,56.529260000000015,88.10177666666614,G11
1.8907000000000016,-0.8818848275862059,0.5581686896551727,0.3054401379310298,22.030850896550987,56.25795882758611,85.29665448275823,G11
1.9007000000000016,-0.8769070588235304,0.5587823529411735,0.2768542483660077,17.617119346404586,55.6661170588234,83.0790775163399,G11
1.9107000000000016,-0.8824952941176479,0.5413117647058795,0.24478235294117123,13.785361176469964,54.92770529411752,83.20879647058825,G11
1.9207000000000016,-0.885370381630013,0.532442496765847,0.2303019728331177,11.966563564036196,54.56880619016817,83.45726935316952,G11
1.9307000000000016,-0.8860256209573093,0.5306106727037513,0.23021465071151356,11.79473368046569,54.5204174450194,83.80290454075038,G11
1.9407000000000016,-0.8866808602846055,0.5287788486416556,0.23012732858990942,11.622903796895185,54.47202869987062,84.14853972833123,G11
1.9507000000000017,-0.8873360996119017,0.5269470245795598,0.2300400064683053,11.45107391332468,54.42363995472185,84.49417491591208,G11
1.9607000000000017,-0.887991338939198,0.5251152005174641,0.22995268434670116,11.279244029754176,54.37525120957308,84.83981010349294,G11
1.9707000000000017,-0.8886465782664943,0.5232833764553684,0.22986536222509701,11.10741414618367,54.32686246442431,85.18544529107379,G11
1.9807000000000017,-0.8893018175937906,0.5214515523932726,0.22977804010349287,10.935584262613165,54.27847371927554,85.53108047865464,G11
1.9907000000000017,-0.8899570569210868,0.5196197283311769,0.22969071798188873,10.76375437904266,54.23008497412677,85.87671566623551,G11
2.0007000000000015,-0.890612296248383,0.5177879042690812,0.2296033958602846,10.59192449547216,54.181696228978,86.22235085381635,G11
2.0107000000000017,-0.8912675355756793,0.5159560802069855,0.22951607373868047,10.42009461190165,54.13330748382923,86.56798604139722,G11
2.0207000000000015,-0.8919227749029756,0.5141242561448898,0.22942875161707632,10.24826472833115,54.08491873868046,86.91362122897806,G11
2.0307000000000017,-0.8925780142302718,0.512292432082794,0.22934142949547218,10.07643484476064,54.03652999353169,87.25925641655893,G11
2.0407000000000015,-0.8932332535575681,0.5104606080206983,0.22925410737386803,9.90460496119014,53.98814124838292,87.60489160413978,G11
2.0507000000000017,-0.8938884928848643,0.5086287839586024,0.2291667852522639,9.732775077619632,53.939752503234146,87.95052679172063,G11
2.0607000000000015,-0.8945437322121605,0.5067969598965067,0.22907946313065977,9.560945194049129,53.891363758085376,88.29616197930149,G11
2.0707000000000018,-0.8953122327790978,0.5050377909738715,0.2291279097387176,9.40240418052256,53.84297828978622,88.67313674584337,G11
2.0807000000000015,-0.8972259303246243,0.504013246239113,0.23054912905779915,9.378228408551065,53.79462595407758,89.3669894774348,G11
2.090700000000002,-0.8991396278701508,0.5029887015043545,0.23197034837688071,9.354052636579567,53.74627361836895,90.06084220902626,G11
2.1007000000000016,-0.9010533254156773,0.501964156769596,0.23339156769596225,9.329876864608071,53.697921282660324,90.7546949406177,G11
2.110700000000002,-0.9029670229612039,0.5009396120348375,0.23481278701504382,9.305701092636575,53.649568946951696,91.44854767220916,G11
2.1207000000000016,-0.9048807205067303,0.499915067300079,0.23623400633412533,9.281525320665079,53.60121661124306,92.1424004038006,G11
2.130700000000002,-0.9067944180522569,0.49889052256532046,0.23765522565320693,9.25734954869358,53.55286427553443,92.83625313539206,G11
2.1407000000000016,-0.9087081155977834,0.49786597783056197,0.23907644497228844,9.233173776722087,53.504511939825804,93.53010586698349,G11
2.150700000000002,-0.9106218131433099,0.4968414330958034,0.24049766429137004,9.208998004750589,53.456159604117175,94.22395859857495,G11
2.1607000000000016,-0.9125355106888364,0.495816888361045,0.24191888361045155,9.184822232779092,53.40780726840855,94.91781133016639,G11
2.170700000000002,-0.9144492082343629,0.49479234362628643,0.24334010292953315,9.160646460807596,53.35945493269991,95.61166406175785,G11
2.1807000000000016,-0.9163629057798894,0.49376779889152794,0.24476132224861466,9.1364706888361,53.31110259699128,96.30551679334928,G11
2.190700000000002,-0.918276603325416,0.4927432541567694,0.24618254156769626,9.112294916864604,53.262750261282655,96.99936952494075,G11
2.2007000000000017,-0.9213141666666673,0.49451916666666756,0.24980833333333438,9.145041666666684,53.19847249999999,98.0966958333336,G11
2.210700000000002,-0.9256710507246385,0.4995825724637691,0.25602210144927656,9.244610507246396,53.11549967391303,99.66766503623218,G11
2.220700000000002,-0.9300279347826096,0.5046459782608707,0.2622358695652187,9.344179347826108,53.03252684782607,101.23863423913076,G11
2.230700000000002,-0.9343848188405804,0.509709384057972,0.2684496376811606,9.443748188405817,52.94955402173912,102.80960344202927,G11
2.2407000000000017,-0.9387417028985514,0.5147727898550734,0.27466340579710247,9.543317028985525,52.86658119565216,104.3805726449278,G11
2.250700000000002,-0.9430985869565225,0.5198361956521749,0.2808771739130446,9.642885869565237,52.7836083695652,105.95154184782638,G11
2.260700000000002,-0.9516347115384634,0.5497093269230836,0.2987936538461578,9.862746153846203,52.73033298076922,108.32266528846205,G11
2.270700000000002,-0.9604375961538478,0.5811660576923138,0.317457115384619,10.09028461538466,52.67895317307691,110.74486240384661,G11
2.2807000000000017,-0.9431562992125949,0.6806304724409626,0.3003983464566892,8.66442645669264,50.68678519685002,107.73433094488126,G11
2.290700000000002,-0.9302315774647875,0.7341269014084532,0.284526676056336,7.583789492957628,49.20000171830969,105.0641052676053,G11
2.300700000000002,-0.9232850985915478,0.7479860563380311,0.2735210422535188,6.930093718309723,48.283970732394174,103.24494470422498,G11
2.310700000000002,-0.9163386197183085,0.7618452112676083,0.26251540845070215,6.276397943661848,47.3679397464787,101.42578414084473,G11
2.3207000000000018,-0.9084641538461486,0.7762841538461588,0.25090230769230315,5.553489076922664,46.389430615384185,99.51027646153773,G11
2.330700000000002,-0.8783179999999938,0.8046380000000058,0.22470999999999466,3.169465999999513,43.91144599999949,95.28243799999913,G11
2.3407000000000022,-0.8490998561151013,0.8127233812949642,0.20080546762589402,0.9240476258987793,41.84479949640244,93.28101223021555,G11
2.350700000000002,-0.8299943055555553,0.806734027777774,0.1867111805555561,-0.7153342361112327,40.41359256944434,93.17133194444484,G11
2.360700000000002,-0.8290637499999999,0.7878312499999969,0.18934312500000045,-1.3196606250001006,39.89408562499991,95.12213750000032,G11
2.370700000000002,-0.8438778443113806,0.763379999999995,0.20900059880239957,-1.299173892215552,40.321527185628845,98.56717107784505,G11
2.3807000000000023,-0.8594587234042584,0.7414506382978694,0.2342787234042644,-1.1664765957446106,40.71756,102.45411851063945,G11
2.390700000000002,-0.8725367375886554,0.7292449645390044,0.2720234042553274,-0.8741290780141204,40.71756,107.2724873049656,G11
2.400700000000002,-0.8854942537313456,0.7378299253731366,0.3032408955223934,-0.8622569402985156,38.92082059701454,111.14606574626931,G11
2.410700000000002,-0.8924103846153848,0.7602107692307755,0.3350457692307758,-1.1904910769231978,35.76242223076842,113.45449200000017,G11
2.4207000000000023,-0.8885080740740688,0.793405777777786,0.36062570370370156,-2.0534940000004203,31.63155051851766,113.78117177777733,G11
2.430700000000002,-0.8651821481481436,0.8303835555555629,0.3511294074074055,-3.9420940000003704,27.76386903703628,111.74554955555516,G11
2.440700000000002,-0.8580084965034959,0.8386217482517487,0.3463381118881112,-4.4886519930070445,26.883843321678267,111.03197853146845,G11
2.450700000000002,-0.8539114685314677,0.8413857342657348,0.34244300699300617,-4.779582937062996,26.572894895104834,110.57022678321668,G11
2.4607000000000023,-0.8498144405594397,0.8441497202797209,0.3385479020979012,-5.070513881118947,26.2619464685314,110.10847503496493,G11
2.470700000000002,-0.8457174125874117,0.8469137062937069,0.3346527972027964,-5.3614448251748845,25.95099804195798,109.6467232867132,G11
2.480700000000002,-0.8416203846153839,0.8496776923076929,0.3307576923076916,-5.652375769230823,25.64004961538456,109.18497153846145,G11
2.490700000000002,-0.8375233566433558,0.8524416783216789,0.32686258741258656,-5.943306713286774,25.329101188811123,108.7232197902097,G11
2.5007000000000024,-0.8334263286713277,0.855205664335665,0.3229674825174816,-6.234237657342725,25.01815276223769,108.26146804195794,G11
2.510700000000002,-0.8293293006992998,0.857969650349651,0.3190723776223768,-6.525168601398663,24.70720433566427,107.7997162937062,G11
2.520700000000002,-0.825232272727272,0.860733636363637,0.315177272727272,-6.816099545454602,24.396255909090847,107.33796454545445,G11
2.530700000000002,-0.8211352447552438,0.863497622377623,0.31128216783216694,-7.107030489510553,24.085307482517415,106.8762127972027,G11
2.5407000000000024,-0.8170382167832158,0.866261608391609,0.307387062937062,-7.397961433566504,23.77435905594398,106.41446104895094,G11
2.550700000000002,-0.8133980418041797,0.8683389218921895,0.3038334983498343,-7.642725500550094,23.584094950495047,106.01379437843778,G11
2.560700000000002,-0.8104431463146309,0.8693862266226625,0.3007922442244218,-7.8182392519252275,23.57485732673267,105.7047553245324,G11
2.570700000000002,-0.8074882508250818,0.8704335313531356,0.2977509900990092,-7.99375300330037,23.565619702970295,105.39571627062699,G11
2.5807000000000024,-0.8045333553355328,0.8714808360836086,0.2947097359735966,-8.169266754675512,23.556382079207918,105.0866772167216,G11
2.5907000000000022,-0.8015784598459839,0.8725281408140817,0.2916684818481841,-8.344780506050645,23.54714445544554,104.77763816281622,G11
2.600700000000002,-0.798623564356435,0.8735754455445547,0.28862722772277166,-8.520294257425778,23.537906831683166,104.46859910891084,G11
2.6107000000000022,-0.795668668866886,0.8746227502750278,0.28558597359735904,-8.69580800880092,23.52866920792079,104.15956005500543,G11
2.6207000000000025,-0.792713773377337,0.8756700550055008,0.2825447194719464,-8.871321760176063,23.51943158415841,103.85052100110003,G11
2.6307000000000023,-0.7897588778877881,0.8767173597359739,0.2795034653465339,-9.046835511551196,23.510193960396037,103.54148194719465,G11
2.640700000000002,-0.7868039823982392,0.8777646644664469,0.27646221122112147,-9.222349262926329,23.50095633663366,103.23244289328926,G11
2.6507000000000023,-0.7838490869086902,0.87881196919692,0.27342095709570885,-9.397863014301471,23.491718712871286,102.92340383938387,G11
2.6607000000000025,-0.7808941914191412,0.879859273927393,0.27037970297029623,-9.573376765676613,23.48248108910891,102.61436478547847,G11
2.6707000000000023,-0.7779392959295922,0.880906578657866,0.2673384488448838,-9.748890517051747,23.47324346534653,102.30532573157309,G11
2.680700000000002,-0.7749844004400434,0.881953883388339,0.2642971947194713,-9.92440426842688,23.464005841584157,101.9962866776677,G11
2.6907000000000023,-0.7720295049504944,0.8830011881188121,0.26125594059405866,-10.099918019802022,23.45476821782178,101.6872476237623,G11
2.7007000000000025,-0.7690746094609453,0.8840484928492852,0.2582146864686461,-10.275431771177164,23.445530594059402,101.37820856985691,G11
2.7107000000000023,-0.7661197139713964,0.8850957975797582,0.2551734323432336,-10.450945522552297,23.43629297029703,101.06916951595153,G11
2.720700000000002,-0.7631648184818475,0.8861431023102312,0.25213217821782113,-10.626459273927432,23.42705534653465,100.76013046204613,G11
2.7307000000000023,-0.7563676543209827,0.8876240740740747,0.24599691358024278,-11.113750740741127,24.02733246913647,99.8804987654314,G11
2.7407000000000026,-0.7359479012345624,0.8906425925925934,0.22889197530863742,-12.70643592592635,26.78861641975382,96.97785679012269,G11
2.7507000000000024,-0.7244151351351338,0.8844756756756728,0.228678378378381,-13.8757991891894,31.03734081081206,94.6779513513509,G11
2.760700000000002,-0.7232803007518863,0.871170676691725,0.2426848120300826,-14.725364586466284,36.36514533834711,93.03243398496244,G11
2.7707000000000024,-0.7549494736842177,0.850426315789469,0.27839157894737643,-15.29931947368434,42.33427315789608,93.23905052631584,G11
2.7807000000000026,-0.8017125362318971,0.8380326086956496,0.3183830434782714,-16.223921159420552,45.55426601449339,94.52350710144967,G11
2.7907000000000024,-0.8396628268551284,0.8330731095406367,0.3483798586572472,-17.220350918728148,46.593800954063354,95.70916678445245,G11
2.800700000000002,-0.8591575265017709,0.8356172791519441,0.3623551236749146,-18.18601169611328,45.547217915194125,96.34035406360437,G11
2.8107000000000024,-0.8786522261484143,0.8381614487632515,0.3763303886925827,-19.15167247349845,44.50063487632485,96.97154134275632,G11
2.8207000000000026,-0.8890432926829278,0.8493340243902483,0.38634487804878226,-21.004282804878667,41.52336841463306,96.97207158536574,G11
2.8307000000000024,-0.8928420731707326,0.866754756097565,0.39349121951219673,-23.499166951220083,37.148020853657535,96.51591914634136,G11
2.8407000000000022,-0.8601581761006213,0.8874276729559795,0.3784070440251536,-27.11479371069263,33.690339496854605,93.82591427672894,G11
2.8507000000000025,-0.8259722891566185,0.9023732931726918,0.35697196787147834,-30.425641566265707,31.76848224899619,90.96753160642498,G11
2.8607000000000027,-0.7933216867469793,0.9062969879518082,0.32637759036143765,-33.03761746988021,32.59008867469901,88.06125048192695,G11
2.8707000000000025,-0.7606710843373417,0.9102206827309246,0.2957832128513983,-35.6495933734946,33.4116951004018,85.15496935742902,G11
2.8807000000000023,-0.7221663380281599,0.9052950704225338,0.24943873239435493,-38.983335915493754,39.028279295776116,80.15267394366074,G11
2.8907000000000025,-0.6995941481481478,0.8992659999999986,0.22797533333333683,-42.20978318518595,47.77076881481786,75.14504155555436,G11
2.9007000000000027,-0.69898401975684,0.8940614665653492,0.24043455167173317,-44.912646762918015,58.564179696049,70.94880464285704,G11
2.9107000000000025,-0.7031397948328277,0.8928555395136775,0.24270734802431668,-45.21427746200616,59.91339854103378,70.63441178571419,G11
2.9207000000000023,-0.7072955699088155,0.8916496124620058,0.24498014437690022,-45.515908161094295,61.26261738601855,70.32001892857134,G11
2.9307000000000025,-0.7114513449848034,0.890443685410334,0.24725294072948387,-45.817538860182445,62.61183623100338,70.00562607142848,G11
2.9407000000000028,-0.7156071200607914,0.8892377583586623,0.2495257370820675,-46.1191695592706,63.96105507598821,69.69123321428562,G11
2.9507000000000025,-0.7197628951367792,0.8880318313069906,0.25179853343465103,-46.42080025835874,65.31027392097299,69.37684035714277,G11
2.9607000000000023,-0.7239186702127669,0.8868259042553188,0.25407132978723457,-46.722430957446875,66.65949276595776,69.06244749999992,G11
2.9707000000000026,-0.7280744452887549,0.8856199772036472,0.2563441261398182,-47.02406165653503,68.00871161094258,68.74805464285706,G11
2.980700000000003,-0.7322302203647427,0.8844140501519754,0.2586169224924018,-47.32569235562318,69.35793045592742,68.4336617857142,G11
2.9907000000000026,-0.7363859954407305,0.8832081231003036,0.26088971884498535,-47.62732305471132,70.70714930091219,68.11926892857134,G11
3.0007000000000024,-0.7405417705167182,0.882002196048632,0.2631625151975689,-47.92895375379946,72.05636814589697,67.8048760714285,G11
3.0107000000000026,-0.7446975455927062,0.8807962689969602,0.26543531155015254,-48.23058445288761,73.4055869908818,67.49048321428563,G11
3.020700000000003,-0.7488533206686941,0.8795903419452884,0.2677081079027362,-48.53221515197576,74.75480583586663,67.17609035714277,G11
3.0307000000000026,-0.7530090957446819,0.8783844148936167,0.26998090425531973,-48.833845851063906,76.10402468085141,66.86169749999992,G11
3.0407000000000024,-0.759147630494507,0.87730165521978,0.2708649656593408,-49.00611118818685,76.89961782280237,66.73339725961536,G11
3.0507000000000026,-0.7654354052197818,0.876228166208791,0.2716444986263738,-49.16863934752751,77.65354021291228,66.61910399038459,G11
3.060700000000003,-0.7717231799450567,0.8751546771978019,0.2724240315934068,-49.33116750686818,78.40746260302218,66.50481072115382,G11
3.0707000000000026,-0.7780109546703312,0.8740811881868129,0.27320356456043976,-49.49369566620883,79.16138499313206,66.39051745192305,G11
3.0807000000000024,-0.7842987293956059,0.8730076991758239,0.2739830975274727,-49.65622382554949,79.91530738324194,66.27622418269229,G11
3.0907000000000027,-0.7905865041208807,0.8719342101648349,0.2747626304945057,-49.81875198489015,80.66922977335184,66.1619309134615,G11
3.100700000000003,-0.7968742788461556,0.8708607211538458,0.2755421634615387,-49.981280144230816,81.42315216346175,66.04763764423073,G11
3.1107000000000027,-0.8031620535714302,0.8697872321428569,0.27632169642857163,-50.14380830357147,82.17707455357163,65.93334437499998,G11
3.1207000000000025,-0.8094498282967048,0.8687137431318679,0.2771012293956046,-50.30633646291213,82.93099694368149,65.8190511057692,G11
3.1307000000000027,-0.8157376030219796,0.8676402541208789,0.2778807623626376,-50.46886462225279,83.68491933379141,65.70475783653843,G11
3.140700000000003,-0.8220253777472546,0.8665667651098898,0.27866029532967057,-50.631392781593455,84.43884172390132,65.59046456730766,G11
3.1507000000000027,-0.8283131524725291,0.8654932760989008,0.2794398282967035,-50.79392094093411,85.19276411401118,65.47617129807689,G11
3.1607000000000025,-0.8346009271978038,0.8644197870879119,0.2802193612637365,-50.95644910027477,85.94668650412106,65.36187802884612,G11
3.1707000000000027,-0.8408887019230786,0.8633462980769229,0.28099889423076946,-51.11897725961543,86.70060889423097,65.24758475961535,G11
3.180700000000003,-0.8484936609071303,0.8622116954643625,0.2816122678185746,-51.265292116630704,87.14812847732179,65.15788912526996,G11
3.1907000000000028,-0.8583413930885556,0.8609730345572352,0.28194272138228954,-51.38400053995684,87.07393517278615,65.11007595032396,G11
3.2007000000000025,-0.8681891252699808,0.8597343736501077,0.2822731749460044,-51.50270896328297,86.99974186825052,65.06226277537796,G11
3.2107000000000028,-0.8780368574514066,0.8584957127429802,0.2826036285097193,-51.6214173866091,86.92554856371488,65.01444960043196,G11
3.220700000000003,-0.8878845896328322,0.8572570518358528,0.28293408207343423,-51.74012580993524,86.85135525917924,64.96663642548594,G11
3.230700000000003,-0.8977323218142576,0.8560183909287253,0.28326453563714915,-51.858834233261376,86.7771619546436,64.91882325053994,G11
3.2407000000000026,-0.9075800539956829,0.8547797300215979,0.283594989200864,-51.9775426565875,86.70296865010798,64.87101007559394,G11
3.250700000000003,-0.9174277861771085,0.8535410691144705,0.28392544276457893,-52.09625107991364,86.62877534557234,64.82319690064794,G11
3.260700000000003,-0.9272755183585343,0.852302408207343,0.28425589632829384,-52.214959503239776,86.5545820410367,64.77538372570193,G11
3.270700000000003,-0.9394354597701234,0.850628505747125,0.28646362068966,-52.38624143678177,85.79942086206724,64.71352626436777,G11
3.2807000000000026,-0.9703032758620771,0.8454331034482745,0.3038601724137977,-52.98289086206913,79.53461051723973,64.53803775862065,G11
3.290700000000003,-0.9933140361445811,0.8423784337349399,0.3202340361445826,-53.80115957831361,72.10318686746712,64.11441096385518,G11
3.300700000000003,-1.0029465662650634,0.8429687951807231,0.33486656626506495,-54.99678006024135,62.68536759035843,63.26827843373467,G11
3.310700000000003,-1.0004603759398474,0.8404014285714274,0.3368305263157885,-56.65568609022611,51.20909263157532,61.0831639849616,G11
3.3207000000000026,-0.9924588607594913,0.8390525949367096,0.3327848734177201,-58.135667848101505,42.00280253164446,58.66228341772101,G11
3.330700000000003,-0.9835348101265797,0.8417962658227857,0.3273766455696187,-59.0149779746838,37.8719670886064,56.7490555696197,G11
3.340700000000003,-0.9746107594936682,0.8445399367088616,0.3219684177215173,-59.8942881012661,33.74113164556834,54.8358277215184,G11
3.350700000000003,-0.9599399999999899,0.8485716666666692,0.31597999999999765,-61.13231333333406,29.193381666664926,52.21119499999852,G11
3.3607000000000027,-0.9248945454545358,0.8571701515151539,0.30793454545454324,-63.64214666666736,23.167480151513484,47.06430863636221,G11
3.370700000000003,-0.8919807692307592,0.8701176923076964,0.2983376923076893,-66.67292538461633,20.958306923076375,43.01937692307572,G11
3.380700000000003,-0.8727588549618287,0.8821403816793929,0.29342694656488494,-69.64954877862691,21.453993664122798,40.338557099236034,G11
3.390700000000003,-0.8677583663366361,0.8892577227722764,0.29337846534653583,-72.1899302970302,23.58469143564429,38.81467712871265,G11
3.4007000000000027,-0.8756148019802003,0.8866636633663358,0.29730420792079315,-73.84513821782224,25.99569638613929,38.09666722772257,G11
3.410700000000003,-0.8817702255639102,0.8815726315789437,0.3035642857142895,-75.71670007518871,28.76611872180564,37.09831879699195,G11
3.420700000000003,-0.8833266165413539,0.8697305263157857,0.3161357142857183,-78.17321887218124,32.50829917293352,35.342018045112226,G11
3.430700000000003,-0.88332976,0.855709599999996,0.3186346400000005,-80.81197096000075,35.878596400000944,32.60751263999921,G11
3.4407000000000028,-0.8828381889763778,0.847207165354329,0.3176887401574797,-83.36719055118179,39.08096204724495,29.500872125983367,G11
3.450700000000003,-0.8860380000000025,0.8432009999999996,0.31259999999999727,-85.76793500000068,42.08702000000085,26.230534999999,G11
3.460700000000003,-0.8944293158953726,0.8419124614352782,0.3036857612340707,-87.97350437961106,44.859240134138226,22.985181830985805,G11
3.470700000000003,-0.8953951106639843,0.841535533199195,0.30247382293762537,-88.17522336016103,45.07324684104634,22.625773380281586,G11
3.480700000000003,-0.8963609054325958,0.8411586049631119,0.3012618846411801,-88.37694234071098,45.28725354795445,22.26636492957737,G11
3.490700000000003,-0.8973267002012075,0.8407816767270287,0.3000499463447347,-88.57866132126095,45.50126025486257,21.906956478873134,G11
3.5007000000000033,-0.8982924949698192,0.8404047484909456,0.29883800804828936,-88.78038030181092,45.71526696177069,21.5475480281689,G11
3.510700000000003,-0.8992582897384309,0.8400278202548624,0.297626069751844,-88.98209928236089,45.9292736686788,21.188139577464682,G11
3.520700000000003,-0.9002240845070425,0.8396508920187793,0.2964141314553987,-89.18381826291085,46.14328037558691,20.828731126760466,G11
3.530700000000003,-0.9011898792756542,0.839273963782696,0.29520219315895335,-89.38553724346082,46.357287082495034,20.46932267605623,G11
3.5407000000000033,-0.9021556740442659,0.8388970355466129,0.29399025486250796,-89.58725622401079,46.57129378940316,20.109914225351996,G11
3.550700000000003,-0.9031214688128776,0.8385201073105297,0.2927783165660627,-89.78897520456076,46.785300496311265,19.750505774647777,G11
3.560700000000003,-0.9040872635814893,0.8381431790744466,0.29156637826961734,-89.99069418511071,46.999307203219374,19.391097323943562,G11
3.570700000000003,-0.905053058350101,0.8377662508383634,0.290354439973172,-90.19241316566068,47.213313910127496,19.031688873239325,G11
3.5807000000000033,-0.9060188531187127,0.8373893226022803,0.2891425016767266,-90.39413214621067,47.42732061703562,18.672280422535092,G11
3.590700000000003,-0.9069846478873242,0.8370123943661971,0.28793056338028133,-90.59585112676062,47.64132732394373,18.312871971830873,G11
3.600700000000003,-0.9079504426559359,0.836635466130114,0.286718625083836,-90.79757010731058,47.85533403085184,17.953463521126658,G11
3.610700000000003,-0.9089096766011417,0.8362966518706405,0.28547482561826204,-90.99137000634119,48.05389347495247,17.59567857324022,G11
3.6207000000000034,-0.9098158275206091,0.8362662143310082,0.28397324032973953,-91.12109733671532,48.12747051997466,17.251029239061392,G11
3.630700000000003,-0.9107219784400764,0.8362357767913761,0.282471655041217,-91.25082466708945,48.201047564996855,16.90637990488258,G11
3.640700000000003,-0.9116281293595437,0.8362053392517439,0.28097006975269456,-91.38055199746357,48.274624610019046,16.561730570703766,G11
3.650700000000003,-0.9125342802790111,0.8361749017121116,0.279468484464172,-91.51027932783771,48.348201655041244,16.21708123652494,G11
3.6607000000000034,-0.9134404311984784,0.8361444641724795,0.2779668991756495,-91.64000665821183,48.421778700063435,15.872431902346111,G11
3.670700000000003,-0.9143465821179457,0.8361140266328472,0.276465313887127,-91.76973398858597,48.49535574508563,15.527782568167297,G11
3.680700000000003,-0.9152527330374131,0.836083589093215,0.2749637285986045,-91.89946131896009,48.56893279010782,15.183133233988485,G11
3.690700000000003,-0.9161588839568805,0.8360531515535827,0.27346214331008195,-92.02918864933422,48.64250983513002,14.838483899809656,G11
3.7007000000000034,-0.9170650348763478,0.8360227140139506,0.27196055802155944,-92.15891597970835,48.71608688015221,14.493834565630829,G11
3.710700000000003,-0.9179711857958152,0.8359922764743183,0.27045897273303693,-92.28864331008248,48.78966392517441,14.149185231452016,G11
3.720700000000003,-0.9188773367152825,0.8359618389346861,0.2689573874445145,-92.4183706404566,48.8632409701966,13.804535897273203,G11
3.7307000000000032,-0.9197834876347498,0.835931401395054,0.26745580215599196,-92.54809797083074,48.9368180152188,13.459886563094376,G11
3.7407000000000035,-0.9206896385542171,0.8359009638554217,0.2659542168674694,-92.67782530120486,49.01039506024099,13.115237228915547,G11
3.7507000000000033,-0.9215957894736845,0.8358705263157895,0.26445263157894694,-92.807552631579,49.083972105263186,12.770587894736734,G11
3.760700000000003,-0.9225019403931518,0.8358400887761572,0.26295104629042443,-92.93727996195312,49.15754915028538,12.42593856055792,G11
3.7707000000000033,-0.9263857600000032,0.8362497600000004,0.25854095999999677,-93.44232128000041,48.8946591199997,10.790714959998654,G11
3.7807000000000035,-0.9352625563909778,0.8374,0.24928240601503715,-94.62377706766942,47.87200909774359,6.697468120299425,G11
3.7907000000000033,-0.9361798496240604,0.8374,0.24808691729323268,-95.2780778195491,45.771332406014324,3.081558345863436,G11
3.800700000000003,-0.9378717460317466,0.8386546031746037,0.25670888888889265,-95.62849380952389,42.80843126984024,-0.4568034920646138,G11
3.8107000000000033,-0.9370813194444433,0.840794236111112,0.2637366666666675,-95.88824777777786,40.53615423611066,-3.051314652778357,G11
3.8207000000000035,-0.9335639583333321,0.8434227083333343,0.26607000000000086,-96.15330333333343,39.22678270833285,-4.726463958333955,G11
3.8307000000000033,-0.930046597222221,0.8460511805555565,0.26840333333333416,-96.41835888888899,37.91741118055509,-6.4016132638894785,G11
3.840700000000003,-0.9184439534883667,0.8423543410852689,0.25614503875968303,-97.07674837209332,36.47328302325532,-9.819163178296032,G11
3.8507000000000033,-0.9021627450980338,0.8358327450980377,0.23638607843136675,-97.9230658823532,35.664420588235515,-14.151476470589618,G11
3.8607000000000036,-0.8864437908496673,0.8314471241830049,0.2195560130718891,-98.6614776470591,36.31302843137279,-18.172829411766216,G11
3.8707000000000034,-0.8695724637681101,0.8252598550724615,0.20330884057970466,-99.51720057971045,38.77928913043578,-21.96858405797229,G11
3.880700000000003,-0.8623883211678853,0.8142240145985349,0.1901164233576614,-100.17562313868623,41.999106277373386,-25.330921240876787,G11
3.8907000000000034,-0.8695117647058881,0.7972699999999954,0.1815389705882362,-100.49426845588229,45.58958073529504,-28.162434044118513,G11
3.9007000000000036,-0.8867470588235358,0.7832699999999949,0.1843183823529422,-100.30343757352935,48.373595441177486,-30.800514926471546,G11
3.9107000000000034,-0.9008060416666709,0.7736639583333308,0.1884575000000016,-99.84924062499981,49.55120812500015,-33.44720333333422,G11
3.920700000000003,-0.9105459883720933,0.7667161627906961,0.19054616279069586,-99.30445755813939,49.54473610465073,-35.98100953488439,G11
3.9307000000000034,-0.9116099418604654,0.7618208139534867,0.18465081395348637,-98.84288779069752,48.15116052325534,-38.164567674419345,G11
3.9407000000000036,-0.91215,0.7567933333333314,0.1771599999999967,-98.34605333333315,46.17302666666574,-40.37659000000083,G11
3.9507000000000034,-0.9122254716981132,0.7516486792452811,0.1682543396226383,-97.81794641509414,43.67651094339532,-42.6138541509442,G11
3.960700000000003,-0.9120336444444443,0.7507354158730156,0.16745083174603165,-97.72429937777775,43.290723301587214,-42.95857360634928,G11
3.9707000000000034,-0.9118247555555554,0.7500922412698411,0.16716448253968244,-97.65838382222219,43.03966298412689,-43.18249233650802,G11
3.9807000000000037,-0.9116158666666666,0.7494490666666664,0.16687813333333323,-97.59246826666664,42.78860266666656,-43.406411066666756,G11
3.9907000000000035,-0.9114069777777777,0.7488058920634918,0.16659178412698403,-97.52655271111108,42.537542349206255,-43.63032979682548,G11
4.000700000000003,-0.9111980888888888,0.7481627174603173,0.16630543492063485,-97.46063715555553,42.286482031745955,-43.85424852698419,G11
4.0107000000000035,-0.9109891999999999,0.7475195428571426,0.1660190857142856,-97.39472159999998,42.03542171428562,-44.078167257142944,G11
4.020700000000003,-0.910780311111111,0.7468763682539681,0.1657327365079364,-97.32880604444442,41.784361396825304,-44.302085987301666,G11
4.030700000000003,-0.9105714222222221,0.7462331936507934,0.1654463873015872,-97.26289048888887,41.53330107936499,-44.526004717460395,G11
4.040700000000003,-0.9103625333333333,0.7455900190476189,0.165160038095238,-97.19697493333331,41.28224076190468,-44.74992344761912,G11
4.0507000000000035,-0.9101536444444444,0.7449468444444443,0.1648736888888888,-97.13105937777776,41.031180444444345,-44.97384217777787,G11
4.060700000000003,-0.9099447555555554,0.7443036698412696,0.16458733968253958,-97.0651438222222,40.78012012698403,-45.19776090793659,G11
4.070700000000003,-0.9097358666666666,0.7436604952380951,0.16430099047619037,-96.99922826666665,40.52905980952372,-45.42167963809532,G11
4.080700000000003,-0.9095269777777777,0.7430173206349204,0.16401464126984117,-96.9333127111111,40.27799949206341,-45.64559836825404,G11
4.0907000000000036,-0.9093180888888888,0.7423741460317458,0.16372829206349193,-96.86739715555554,40.02693917460307,-45.869517098412786,G11
4.100700000000003,-0.9091091999999998,0.7417309714285713,0.16344194285714275,-96.80148159999997,39.77587885714276,-46.093435828571515,G11
