time,ax_g,ay_g,az_g,gx_dps,gy_dps,gz_dps,label
0.0,0.43567,-0.20691,0.29248,29.86259,-8.53435,-82.53435,G11
0.01,0.4452448502994012,-0.19711359281437127,0.31024047904191615,33.28170976047904,-10.38103862275449,-83.8690865269461,G11
0.02,0.461945,-0.1910604,0.329499,36.707788199999996,-12.679694599999998,-85.09587900000001,G11
0.03,0.4931116666666666,-0.1926070666666667,0.351799,40.14799486666666,-15.89598126666666,-86.10351233333333,G11
0.04,0.528620981595092,-0.1918159509202454,0.3636710429447853,43.24385496932515,-19.01596895705521,-86.58577484662577,G11
0.05,0.5621025806451613,-0.19092516129032258,0.37459419354838713,46.324056774193544,-21.77788451612903,-86.82049096774193,G11
0.06,0.5839154838709677,-0.19155096774193547,0.39026516129032257,49.623740645161284,-23.186407096774193,-86.49544580645161,G11
0.07,0.5995269633507854,-0.189568167539267,0.40920942408376965,52.53994963350785,-23.58586827225131,-85.98681010471203,G11
0.08,0.6117992146596859,-0.1861807329842932,0.4299162303664922,55.24967214659686,-23.441988691099475,-85.37931795811518,G11
0.09,0.6232618811881189,-0.18150108910891088,0.4508619801980198,57.67682108910891,-23.320685247524754,-84.8410502970297,G11
0.1,0.634440099009901,-0.17636742574257427,0.4718916831683168,60.004687425742574,-23.20731396039604,-84.32710475247525,G11
0.11,0.6485576595744681,-0.17338659574468085,0.48423319148936167,62.16501638297872,-23.567318936170214,-83.65697191489362,G11
0.12,0.6638182978723404,-0.17124297872340424,0.4931959574468085,64.26019191489362,-24.111414680851063,-82.9260995744681,G11
0.13,0.68012,-0.17022153846153845,0.4955853846153846,66.55431384615386,-24.642396153846153,-82.07633384615384,G11
0.14,0.696637027027027,-0.16913183783783778,0.49704583783783785,68.88937021621624,-25.15238751351351,-81.20998156756755,G11
0.15,0.7139883783783784,-0.15422372972972972,0.5143377297297297,71.37338102702702,-24.756263189189188,-80.64055994594594,G11
0.16,0.7288558626465661,-0.14128860134003352,0.5291853350083752,73.4840187437186,-24.377267068676716,-80.17185270519263,G11
0.17,0.7315962311557789,-0.13798625628140704,0.5320990703517587,73.7717172361809,-24.081896884422108,-80.19486861809045,G11
0.18,0.7343365996649917,-0.13468391122278056,0.5350128056951424,74.05941572864322,-23.786526700167503,-80.21788453098827,G11
0.19,0.7370769681742043,-0.1313815661641541,0.537926541038526,74.34711422110553,-23.4911565159129,-80.2409004438861,G11
0.2,0.7398173366834171,-0.12807922110552764,0.5408402763819096,74.63481271356784,-23.19578633165829,-80.26391635678392,G11
0.21,0.7425577051926298,-0.12477687604690117,0.5437540117252931,74.92251120603015,-22.900416147403686,-80.28693226968174,G11
0.22,0.7452980737018425,-0.12147453098827471,0.5466677470686767,75.21020969849246,-22.605045963149077,-80.30994818257956,G11
0.23,0.7480384422110552,-0.11817218592964823,0.5495814824120603,75.49790819095477,-22.30967577889447,-80.3329640954774,G11
0.24,0.750778810720268,-0.11486984087102178,0.5524952177554439,75.78560668341709,-22.014305594639865,-80.35598000837521,G11
0.25,0.7535191792294806,-0.1115674958123953,0.5554089530988274,76.0733051758794,-21.718935410385257,-80.37899592127303,G11
0.26,0.7562595477386934,-0.10826515075376883,0.558322688442211,76.36100366834171,-21.423565226130652,-80.40201183417086,G11
0.27,0.7589999162479062,-0.10496280569514237,0.5612364237855946,76.64870216080402,-21.128195041876044,-80.42502774706868,G11
0.28,0.7616396845238095,-0.10187347619047618,0.5640029761904761,76.90555348214286,-20.829903982142856,-80.45445480952381,G11
0.29,0.7639426607142856,-0.09949728571428572,0.5662767857142856,77.05913383928572,-20.521834339285714,-80.50534528571428,G11
0.3,0.7662456369047619,-0.09712109523809524,0.5685505952380953,77.21271419642858,-20.21376469642857,-80.55623576190476,G11
0.31,0.768548613095238,-0.09474490476190477,0.5708244047619048,77.36629455357144,-19.905695053571428,-80.60712623809523,G11
0.32,0.7708515892857143,-0.09236871428571429,0.5730982142857143,77.5198749107143,-19.597625410714283,-80.65801671428572,G11
0.33,0.7731545654761904,-0.08999252380952381,0.5753720238095238,77.67345526785715,-19.28955576785714,-80.7089071904762,G11
0.34,0.7754575416666666,-0.08761633333333332,0.5776458333333333,77.82703562500001,-18.981486125,-80.75979766666667,G11
0.35000000000000003,0.7777605178571428,-0.08524014285714285,0.5799196428571428,77.98061598214287,-18.673416482142855,-80.81068814285715,G11
0.36,0.780063494047619,-0.08286395238095239,0.5821934523809523,78.13419633928571,-18.365346839285714,-80.86157861904762,G11
0.37,0.7823664702380951,-0.08048776190476191,0.5844672619047618,78.28777669642857,-18.057277196428572,-80.9124690952381,G11
0.38,0.7846694464285714,-0.07811157142857143,0.5867410714285715,78.44135705357142,-17.749207553571427,-80.96335957142857,G11
0.39,0.7869724226190475,-0.07573538095238096,0.589014880952381,78.59493741071428,-17.441137910714286,-81.01425004761904,G11
0.4,0.7892753988095238,-0.07335919047619048,0.5912886904761905,78.74851776785714,-17.13306826785714,-81.06514052380952,G11
0.41000000000000003,0.791578375,-0.070983,0.5935625,78.902098125,-16.824998625,-81.11603099999999,G11
0.42,0.7938813511904761,-0.06860680952380954,0.5958363095238095,79.05567848214285,-16.516928982142858,-81.16692147619047,G11
0.43,0.7961843273809524,-0.06623061904761907,0.598110119047619,79.20925883928571,-16.208859339285716,-81.21781195238094,G11
0.44,0.7984873035714285,-0.06385442857142859,0.6003839285714285,79.36283919642857,-15.900789696428571,-81.26870242857143,G11
0.45,0.8028873033707865,-0.05664104868913861,0.6075985393258426,79.77247737827715,-14.854789475655435,-81.31738048689138,G11
0.46,0.8100670786516854,-0.043015580524344565,0.621362584269663,80.52154104868913,-12.830602209737826,-81.36312580524344,G11
0.47000000000000003,0.8172468539325842,-0.029390112359550517,0.6351266292134833,81.27060471910112,-10.806414943820219,-81.4088711235955,G11
0.48,0.83317725,-0.024961,0.62474525,82.103049,-8.456871500000004,-81.08626225,G11
0.49,0.8539966197183098,-0.02581183098591547,0.6102802816901409,83.13578450704226,-6.2146040845070445,-80.49736845070423,G11
0.5,0.8859754929577464,-0.03913577464788727,0.6144070422535212,85.08181267605633,-5.0749421126760605,-79.12117126760565,G11
0.51,0.9041105607476635,-0.0430218691588785,0.6275804984423675,86.55565389408099,-4.690641464174456,-77.74973289719627,G11
0.52,0.9173815887850467,-0.043591962616822424,0.6439325233644859,87.86359158878504,-4.571738037383178,-76.37996654205608,G11
0.53,0.9306526168224298,-0.04416205607476635,0.6602845482866042,89.1715292834891,-4.452834610591901,-75.0102001869159,G11
0.54,0.9455667664670658,-0.03947275449101797,0.6864089221556886,91.03149341317365,-4.4454021556886225,-72.3798494011976,G11
0.55,0.9619380239520959,-0.030119461077844273,0.7211993413173654,93.38099041916168,-4.53682131736527,-68.63162185628741,G11
0.56,0.972486,0.0023220000000000428,0.7616917931034484,95.42132000000001,-3.5445113103448262,-64.4395868275862,G11
0.5700000000000001,0.9792094160583942,0.038730291970802966,0.7989896350364963,96.74162839416059,-1.7675352554744495,-60.14174912408758,G11
0.58,0.982249240506329,0.07473658227848091,0.8292886075949366,97.03256417721519,0.8516803797468273,-55.80442974683546,G11
0.59,0.9962302531645568,0.0939011392405062,0.8340037974683544,95.74741860759494,2.6779398734177104,-51.67842341772155,G11
0.6,1.014526614173228,0.09951960629921268,0.8262923622047246,94.31796881889765,3.525873700787404,-46.85688551181107,G11
0.61,1.0400670666666663,0.08836026666666681,0.8082148,93.0190316,2.926613066666685,-41.39664426666672,G11
0.62,1.074893733333333,0.07346693333333348,0.8081348,92.99867160000001,1.0538397333333518,-36.69435093333338,G11
0.63,1.1078767010309276,0.0727552577319587,0.8187445360824741,93.44848912371134,-0.2271980412371049,-32.57047288659797,G11
0.64,1.1400313402061852,0.07841505154639172,0.8341569072164948,94.10954582474227,-1.2423836082474167,-28.70646257731961,G11
0.65,1.1490582133995035,0.08274392679900743,0.840304665012407,94.35294539081886,-1.4017074503722091,-27.329183635235733,G11
0.66,1.1503758312655086,0.08662916253101735,0.8433642183622829,94.45712591191067,-1.275744050868487,-26.780815148883377,G11
0.67,1.1516934491315136,0.09051439826302728,0.8464237717121588,94.56130643300249,-1.1497806513647648,-26.232446662531018,G11
0.68,1.1530110669975187,0.09439963399503722,0.8494833250620347,94.66548695409429,-1.0238172518610424,-25.68407817617866,G11
0.6900000000000001,1.1543286848635235,0.09828486972704714,0.8525428784119107,94.76966747518611,-0.8978538523573204,-25.135709689826303,G11
0.7000000000000001,1.1556463027295285,0.10217010545905707,0.8556024317617866,94.87384799627792,-0.7718904528535981,-24.587341203473944,G11
0.71,1.1569639205955335,0.10605534119106695,0.8586619851116625,94.97802851736972,-0.6459270533498773,-24.03897271712159,G11
0.72,1.1582815384615384,0.10994057692307688,0.8617215384615384,95.08220903846154,-0.5199636538461552,-23.490604230769236,G11
0.73,1.1595991563275434,0.11382581265508682,0.8647810918114144,95.18638955955335,-0.394000254342433,-22.942235744416877,G11
0.74,1.1609167741935484,0.11771104838709674,0.8678406451612903,95.29057008064517,-0.26803685483871087,-22.393867258064518,G11
0.75,1.1622343920595533,0.12159628411910667,0.8709001985111662,95.39475060173697,-0.1420734553349885,-21.845498771712162,G11
0.76,1.1635520099255583,0.1254815198511166,0.8739597518610421,95.49893112282878,-0.016110055831266346,-21.297130285359803,G11
0.77,1.1648696277915633,0.12936675558312655,0.8770193052109181,95.6031116439206,0.1098533436724558,-20.748761799007447,G11
0.78,1.1661872456575684,0.13325199131513646,0.880078858560794,95.7072921650124,0.23581674317617796,-20.200393312655088,G11
0.79,1.1675048635235732,0.1371372270471464,0.8831384119106699,95.81147268610422,0.3617801426799001,-19.65202482630273,G11
0.8,1.1688224813895782,0.1410224627791563,0.8861979652605458,95.91565320719603,0.48774354218362226,-19.103656339950373,G11
0.81,1.1692974903474904,0.14473362934362935,0.8882164478764478,95.96958513513513,0.7025249034749028,-18.578734787644787,G11
0.8200000000000001,1.1692776337562052,0.14834256480970767,0.8896235079977937,95.99400598455598,0.9694691947049088,-18.067583656922228,G11
0.8300000000000001,1.16925777716492,0.151951500275786,0.8910305681191395,96.01842683397683,1.2364134859349147,-17.556432526199668,G11
0.84,1.169237920573635,0.1555604357418643,0.8924376282404853,96.04284768339768,1.5033577771649176,-17.04528139547711,G11
0.85,1.1692180639823497,0.1591693712079426,0.8938446883618312,96.06726853281853,1.7703020683949235,-16.534130264754552,G11
0.86,1.1691982073910645,0.16277830667402093,0.895251748483177,96.09168938223938,2.0372463596249295,-16.022979134031992,G11
0.87,1.1691783507997795,0.16638724214009926,0.8966588086045229,96.11611023166023,2.3041906508549355,-15.511828003309434,G11
0.88,1.1691584942084943,0.16999617760617758,0.8980658687258687,96.14053108108108,2.571134942084941,-15.000676872586874,G11
0.89,1.169138637617209,0.17360511307225593,0.8994729288472145,96.16495193050193,2.838079233314947,-14.489525741864313,G11
0.9,1.1691187810259238,0.17721404853833425,0.9008799889685604,96.18937277992278,3.105023524544953,-13.978374611141753,G11
0.91,1.1690989244346388,0.18082298400441257,0.9022870490899062,96.21379362934363,3.371967815774959,-13.467223480419193,G11
0.92,1.1690790678433536,0.1844319194704909,0.903694109211252,96.23821447876448,3.638912107004965,-12.956072349696633,G11
0.93,1.1690592112520684,0.18804085493656925,0.9051011693325979,96.26263532818533,3.9058563982349708,-12.444921218974073,G11
0.9400000000000001,1.1690393546607831,0.19164979040264757,0.9065082294539437,96.28705617760617,4.172800689464977,-11.933770088251514,G11
0.9500000000000001,1.1690194980694981,0.1952587258687259,0.9079152895752896,96.31147702702702,4.439744980694983,-11.422618957528954,G11
0.96,1.168999641478213,0.19886766133480416,0.9093223496966354,96.33589787644787,4.7066892719249855,-10.911467826806401,G11
0.97,1.1689797848869277,0.2024765968008825,0.9107294098179812,96.36031872586872,4.9736335631549915,-10.40031669608384,G11
0.98,1.1689599282956424,0.20608553226696083,0.9121364699393271,96.38473957528957,5.2405778543849975,-9.88916556536128,G11
0.99,1.164024585635359,0.2198927624309393,0.9296659668508288,96.03846657458564,6.710980939226529,-7.157946353591144,G11
1.0,1.1541737569060773,0.24389828729281793,0.9633179005524866,95.3214997237569,9.384842817679585,-2.206659060773431,G11
1.01,1.1331584374999997,0.250881796875,0.9938246875000002,94.22686437499999,12.271228359375016,4.422590859375037,G11
1.02,1.1165481557377048,0.24156745901639345,1.008405655737705,93.1448544262295,14.086968852459018,10.189591229508196,G11
1.03,1.1134948770491802,0.2198051639344262,1.0021023770491804,92.32518229508196,14.224624590163934,13.630960081967217,G11
1.04,1.1104415983606557,0.19804286885245895,0.9957990983606557,91.50551016393442,14.362280327868852,17.07232893442624,G11
1.05,1.121328344370861,0.17299867549668846,0.9933359602649007,91.09843165562913,14.287955629139072,21.78504211920535,G11
1.06,1.1386287218045117,0.1608553383458647,1.005873458646617,91.0914347368421,15.353156691729353,26.954366466165485,G11
1.07,1.1581622222222223,0.16850777777777806,1.0414744444444448,91.53520333333333,18.184901111111152,32.885493333333386,G11
1.08,1.1456408547008547,0.20649068376068394,1.1145086324786326,91.95276743589744,23.83506350427353,40.63651897435901,G11
1.09,1.0884999999999994,0.2404324000000004,1.1871196000000008,91.148702,29.02473080000006,46.35969280000007,G11
1.1,1.0143391666666652,0.268073166666667,1.2353973333333337,88.91373916666662,33.32086350000005,52.07328150000009,G11
1.11,0.943981515151515,0.28363333333333335,1.246080303030303,84.81008590909084,35.25931227272725,56.89867924242427,G11
1.12,0.9351027272727273,0.2853,1.2310045454545453,79.9986086363636,33.40874409090908,58.94586863636365,G11
1.1300000000000001,0.9566383076923081,0.27992630769230764,1.223483846153846,75.57016723076916,29.511216461538403,62.51297569230775,G11
1.1400000000000001,0.9752620816326534,0.27942608163265314,1.221268693877551,72.65268624489792,27.363140857142838,65.80619877551027,G11
1.1500000000000001,0.9911559591836738,0.2819199591836736,1.2217666530612246,70.57136787755097,26.272626571428546,68.89079061224496,G11
1.16,1.0038692307692307,0.28972038461538463,1.229091846153846,68.26295038461538,26.023015538461536,72.40903999999999,G11
1.17,1.003023076923077,0.3201434615384613,1.265522615384615,64.98637346153849,29.358307846153817,77.77603999999995,G11
1.18,0.9664947692307694,0.36418353846153834,1.3109834615384615,61.532118307692315,36.23687499999998,81.9514943076923,G11
1.19,0.9464764180154821,0.38445586206896554,1.3329942927515834,59.84380390570021,39.62458306122449,83.72919498944405,G11
1.2,0.9409957705840958,0.38704206896551724,1.3379337719915552,59.397929169598875,40.28211367346939,83.94300005629837,G11
1.21,0.9355151231527093,0.38962827586206894,1.3428732512315271,58.95205443349754,40.93964428571429,84.15680512315271,G11
1.22,0.930034475721323,0.3922144827586207,1.3478127304714989,58.5061796973962,41.597174897959185,84.37061019000704,G11
1.23,0.9245538282899367,0.3948006896551724,1.3527522097114708,58.06030496129486,42.25470551020408,84.58441525686136,G11
1.24,0.9190731808585504,0.39738689655172416,1.3576916889514425,57.61443022519352,42.91223612244898,84.7982203237157,G11
1.25,0.913592533427164,0.39997310344827586,1.3626311681914145,57.168555489092185,43.56976673469388,85.01202539057002,G11
1.26,0.9081118859957776,0.4025593103448276,1.3675706474313862,56.72268075299085,44.22729734693878,85.22583045742435,G11
1.27,0.9026312385643913,0.4051455172413793,1.3725101266713582,56.27680601688951,44.884827959183674,85.43963552427869,G11
1.28,0.8971505911330049,0.407731724137931,1.37744960591133,55.83093128078818,45.54235857142857,85.653440591133,G11
1.29,0.8916699437016186,0.4103179310344828,1.3823890851513019,55.38505654468684,46.19988918367348,85.86724565798734,G11
1.3,0.8861892962702322,0.4129041379310345,1.3873285643912736,54.9391818085855,46.857419795918375,86.08105072484166,G11
1.31,0.8807086488388459,0.41549034482758623,1.3922680436312456,54.493307072484164,47.51495040816327,86.294855791696,G11
1.32,0.8752280014074595,0.41807655172413793,1.3972075228712173,54.047432336382826,48.17248102040817,86.50866085855031,G11
1.33,0.8491665624999997,0.41965625,1.4035554166666666,52.26017729166664,49.49872479166668,87.01892416666668,G11
1.34,0.7895259374999993,0.41959375,1.41220125,48.28435437499996,51.91602687500003,88.01288250000002,G11
1.35,0.7547124237288134,0.4179133559322033,1.4158657966101695,45.77436162711864,53.09936201694915,88.59366188135594,G11
1.36,0.7490437796610169,0.4143336949152542,1.413682745762712,44.9851260338983,52.83412727118644,88.68940510169492,G11
1.37,0.7433751355932202,0.410754033898305,1.4114996949152543,44.19589044067796,52.56889252542373,88.7851483220339,G11
1.3800000000000001,0.7377064915254237,0.4071743728813559,1.4093166440677967,43.40665484745762,52.303657779661016,88.88089154237288,G11
1.3900000000000001,0.732037847457627,0.4035947118644067,1.407133593220339,42.61741925423728,52.0384230338983,88.97663476271187,G11
1.4000000000000001,0.7263692033898305,0.4000150508474576,1.4049505423728814,41.828183661016936,51.773188288135586,89.07237798305086,G11
1.41,0.7207005593220339,0.39643538983050847,1.4027674915254238,41.03894806779662,51.50795354237288,89.16812120338983,G11
1.42,0.7150319152542373,0.39285572881355935,1.4005844406779662,40.24971247457628,51.24271879661017,89.26386442372882,G11
1.43,0.7093632711864407,0.38927606779661017,1.3984013898305085,39.46047688135594,50.97748405084746,89.3596076440678,G11
1.44,0.7036946271186441,0.38569640677966105,1.396218338983051,38.6712412881356,50.71224930508475,89.45535086440678,G11
1.45,0.6980259830508475,0.3821167457627119,1.3940352881355933,37.88200569491526,50.447014559322035,89.55109408474576,G11
1.46,0.6923573389830509,0.37853708474576275,1.3918522372881357,37.092770101694924,50.181779813559324,89.64683730508474,G11
1.47,0.6804545714285715,0.3610525714285715,1.397402,34.32933771428573,47.10228714285716,90.22639171428571,G11
1.48,0.6653402857142857,0.33640495238095236,1.4069353333333334,30.548894857142848,42.573025238095234,91.05518219047619,G11
1.49,0.6569317647058823,0.3126923529411764,1.4363135294117648,25.84912647058822,36.3116282352941,92.59542176470589,G11
1.5,0.6533852777777778,0.29648083333333336,1.4867691666666667,20.493638888888885,29.3358775,94.6289225,G11
1.51,0.6482116666666666,0.307335,1.5591650000000004,15.404583333333314,24.946564999999985,96.39948500000001,G11
1.52,0.6327170031545741,0.32366555205047326,1.5964989905362779,12.257907034700306,23.571026656151417,97.17580851735016,G11
1.53,0.6139630599369085,0.3417254889589906,1.6227608201892747,9.724613659305987,23.14720646687697,97.638161829653,G11
1.54,0.5952091167192429,0.35978542586750795,1.6490226498422715,7.191320283911667,22.723386277602522,98.10051514195584,G11
1.55,0.5633912987012984,0.37813181818181835,1.6496412337662336,1.9881013636363134,22.385845194805196,98.19064201298701,G11
1.56,0.522700211267605,0.3959049295774648,1.631223943661971,-5.097088873239564,21.97269352112671,97.9993504225352,G11
1.57,0.4859044366197176,0.39900352112676063,1.5897028169014078,-12.687666338028308,18.983763943661916,97.37575887323943,G11
1.58,0.4587182352941173,0.39627941176470577,1.5560947058823524,-19.2177794117648,14.464301764705796,97.50336411764707,G11
1.59,0.4411159504132233,0.38892355371900805,1.529334132231405,-25.122326033057917,8.813075123966856,98.23607578512399,G11
1.6,0.4589754545454548,0.37065909090909066,1.5223754545454544,-31.002086363636433,1.0659263636362706,100.44413363636366,G11
1.61,0.4796049295774651,0.3730122535211268,1.5301778169014086,-34.51951739436624,-2.3507135211267993,102.65820704225355,G11
1.62,0.49760637037037053,0.386193703703704,1.533198074074074,-37.89267770370375,-2.3736476296295894,104.28385533333334,G11
1.6300000000000001,0.5114044295302014,0.4074548322147652,1.52713677852349,-41.47732610738259,1.3366477181208776,105.11747442953019,G11
1.6400000000000001,0.5189413422818794,0.41949510067114115,1.5091099328859057,-45.39146033557053,8.785795369127639,105.01501134228187,G11
1.6500000000000001,0.5034281012658223,0.4228295569620253,1.497718987341772,-49.03729746835449,17.593002405063466,104.9040479113924,G11
1.6600000000000001,0.47548197984161256,0.4210393880489561,1.4905565154787617,-52.3724185025198,26.77262735061197,104.78894385169187,G11
1.67,0.4685215766738661,0.41902714902807775,1.4896868250539956,-52.79778855291576,27.873974362850966,104.69002088552917,G11
1.68,0.4615611735061195,0.4170149100071994,1.4888171346292296,-53.22315860331173,28.975321375089987,104.59109791936646,G11
1.69,0.45460077033837293,0.4150026709863211,1.4879474442044636,-53.6485286537077,30.076668387329008,104.49217495320374,G11
1.7,0.44764036717062633,0.4129904319654428,1.4870777537796975,-54.07389870410367,31.178015399568032,104.39325198704104,G11
1.71,0.4406799640028798,0.41097819294456445,1.4862080633549315,-54.49926875449964,32.27936241180706,104.29432902087834,G11
1.72,0.4337195608351332,0.4089659539236861,1.4853383729301655,-54.92463880489561,33.380709424046074,104.19540605471562,G11
1.73,0.4267591576673866,0.4069537149028078,1.4844686825053997,-55.35000885529158,34.4820564362851,104.09648308855292,G11
1.74,0.41979875449964,0.4049414758819294,1.4835989920806336,-55.775378905687546,35.583403448524116,103.99756012239021,G11
1.75,0.4128383513318934,0.4029292368610511,1.4827293016558676,-56.200748956083515,36.68475046076314,103.89863715622751,G11
1.76,0.40587794816414685,0.40091699784017276,1.4818596112311015,-56.626119006479485,37.78609747300216,103.79971419006479,G11
1.77,0.39891754499640025,0.39890475881929444,1.4809899208063355,-57.051489056875454,38.88744448524118,103.70079122390209,G11
1.78,0.39195714182865365,0.3968925197984161,1.4801202303815695,-57.47685910727142,39.98879149748021,103.60186825773938,G11
1.79,0.3849967386609071,0.3948802807775378,1.4792505399568034,-57.90222915766739,41.090138509719225,103.50294529157667,G11
1.8,0.37442020408163246,0.3908977551020407,1.478141224489796,-58.556159319727904,42.62263326530614,103.21462605442176,G11
1.81,0.3448589795918364,0.37657122448979574,1.4757738775510205,-60.41003006802723,46.41865367346943,101.93197639455781,G11
1.82,0.31529775510204033,0.36224469387755076,1.4734065306122448,-62.263900816326554,50.214674081632715,100.64932673469386,G11
1.83,0.29151828693790144,0.35073505353319057,1.4714190256959314,-63.76619936830836,53.229871488222706,99.59653639186295,G11
1.84,0.2882377730192719,0.3492125695931477,1.4707782334047108,-64.02201467880086,53.476696434689515,99.35870180942183,G11
1.85,0.28495725910064235,0.3476900856531049,1.4701374411134904,-64.27782998929337,53.723521381156324,99.12086722698072,G11
1.86,0.2816767451820128,0.34616760171306205,1.4694966488222698,-64.53364529978587,53.97034632762313,98.88303264453961,G11
1.87,0.27839623126338325,0.34464511777301926,1.4688558565310492,-64.78946061027837,54.21717127408994,98.6451980620985,G11
1.8800000000000001,0.2751157173447537,0.3431226338329764,1.4682150642398286,-65.04527592077088,54.46399622055675,98.40736347965738,G11
1.8900000000000001,0.27183520342612416,0.3416001498929336,1.467574271948608,-65.30109123126338,54.71082116702356,98.16952889721627,G11
1.9000000000000001,0.2685546895074946,0.34007766595289074,1.4669334796573876,-65.5569065417559,54.95764611349037,97.93169431477516,G11
1.9100000000000001,0.26527417558886507,0.33855518201284795,1.466292687366167,-65.8127218522484,55.20447105995718,97.69385973233405,G11
1.92,0.2619936616702356,0.3370326980728051,1.4656518950749464,-66.0685371627409,55.45129600642398,97.45602514989294,G11
1.93,0.25871314775160603,0.33551021413276233,1.4650111027837258,-66.3243524732334,55.69812095289079,97.21819056745181,G11
1.94,0.2554326338329765,0.3339877301927195,1.4643703104925052,-66.58016778372591,55.9449458993576,96.9803559850107,G11
1.95,0.25215211991434694,0.33246524625267665,1.4637295182012848,-66.83598309421842,56.19177084582441,96.7425214025696,G11
1.96,0.2488716059957174,0.3309427623126338,1.4630887259100642,-67.09179840471091,56.43859579229122,96.50468682012848,G11
1.97,0.24559109207708785,0.329420278372591,1.4624479336188436,-67.34761371520342,56.685420738758026,96.26685223768736,G11
1.98,0.2423105781584583,0.3278977944325482,1.461807141327623,-67.60342902569593,56.932245685224835,96.02901765524625,G11
1.99,0.23903006423982875,0.32637531049250534,1.4611663490364026,-67.85924433618844,57.179070631691644,95.79118307280514,G11
2.0,0.23574955032119918,0.3248528265524625,1.460525556745182,-68.11505964668095,57.42589557815845,95.55334849036403,G11
2.0100000000000002,0.23246903640256958,0.32333034261241966,1.4598847644539614,-68.37087495717346,57.67272052462527,95.3155139079229,G11
2.02,0.2211347169811322,0.3161635849056605,1.457144716981132,-70.02333528301884,57.60478264150944,93.87872886792455,G11
2.0300000000000002,0.20293974842767246,0.3041887421383645,1.4526164150943395,-72.8655302515724,57.26871345911949,91.42061566037728,G11
2.04,0.190896,0.29029000000000005,1.448989,-75.56997999999999,55.724170666666666,88.89974533333333,G11
2.05,0.1804936000000003,0.28707199999999966,1.4528663999999996,-78.4274843999999,54.05923520000005,85.84610800000011,G11
2.06,0.16987850220264356,0.29666466960352406,1.463291718061674,-81.31277625550656,52.66637938325991,82.38645770925115,G11
2.07,0.15197101321585976,0.30478801762114505,1.463450308370044,-83.52550753303956,52.63947629955947,79.8912462555067,G11
2.08,0.13406352422907516,0.31291136563876637,1.463608898678414,-85.73823881057265,52.61257321585903,77.39603480176214,G11
2.09,0.12591098039215706,0.32156431372548994,1.417393529411766,-90.08770960784301,52.601408235294116,73.07319313725503,G11
2.1,0.1322600000000001,0.32031377483443707,1.354910397350993,-94.49653370860929,52.06966370860926,68.70643874172184,G11
2.11,0.15925999999999974,0.30414821192053,1.2732613907284778,-98.7531429801324,50.75527298013246,64.48016059602654,G11
2.12,0.20338807947019835,0.2783400000000002,1.209241456953643,-101.08406927152316,51.95147205298012,61.612659006622536,G11
2.13,0.2561089171974498,0.24848152866242168,1.151103694267518,-102.85836458598722,56.39228280254742,58.81927331210202,G11
2.14,0.3193955414012737,0.21395923566878994,1.0990081528662423,-104.11279770700637,65.62065859872608,55.87280834394906,G11
2.15,0.3391691719745222,0.1769811464968158,1.0682666878980895,-103.83127993630573,82.32401363057299,52.00476458598732,G11
2.16,0.33850754716981085,0.144141509433962,1.042228867924528,-102.93907490566035,100.78092528301913,47.85510264150937,G11
2.17,0.3054556603773593,0.1262311320754721,1.0152241509433968,-101.25392867924532,119.23836396226373,43.498196981132175,G11
2.18,0.2662584571428583,0.10885445714285732,0.9868979428571434,-99.48938537142861,138.22376714285681,38.81509051428581,G11
2.19,0.18199560000000328,0.09539160000000052,0.9488808000000015,-97.14259680000009,161.0809099999991,31.739844800000277,G11
2.2,0.12324164687252599,0.08667768804433888,0.9240250673000793,-95.51026386381632,176.37408238321453,26.82266007125893,G11
2.21,0.10792177355502826,0.08604981789390342,0.9215793032462393,-95.09443646872526,178.7880617973079,25.580011615201947,G11
2.22,0.09260190023752984,0.08542194774346794,0.919133539192399,-94.6786090736342,181.2020412114014,24.337363159144907,G11
2.23,0.07728202692003211,0.08479407759303248,0.916687775138559,-94.26278167854316,183.61602062549477,23.094714703087924,G11
2.24,0.06196215360253368,0.084166207442597,0.9142420110847189,-93.84695428345209,186.0300000395883,21.852066247030884,G11
2.25,0.04664228028503595,0.08353833729216154,0.9117962470308789,-93.43112688836105,188.44397945368166,20.6094177909739,G11
2.2600000000000002,0.03132240696753752,0.08291046714172605,0.9093504829770388,-93.01529949326999,190.85795886777515,19.36676933491686,G11
2.27,0.016002533650039785,0.08228259699129058,0.9069047189231988,-92.59947209817895,193.27193828186853,18.124120878859873,G11
2.2800000000000002,0.0006826603325413572,0.08165472684085509,0.9044589548693586,-92.18364470308788,195.68591769596202,16.881472422802837,G11
2.29,-0.014637212984956377,0.08102685669041963,0.9020131908155186,-91.76781730799684,198.0998971100554,15.63882396674585,G11
2.3000000000000003,-0.029957086302454777,0.08039898653998415,0.8995674267616784,-91.35198991290578,200.5138765241489,14.396175510688812,G11
2.31,-0.04527695961995254,0.07977111638954869,0.8971216627078384,-90.93616251781474,202.9278559382423,13.153527054631827,G11
2.32,-0.06059683293745027,0.07914324623911323,0.8946758986539984,-90.52033512272368,205.34183535233566,11.910878598574842,G11
2.33,-0.07199896156439656,0.07854138907619689,0.8923469318948077,-90.22405142279165,206.77546921780177,10.661423270397835,G11
2.34,-0.08202458530006726,0.07794867161159812,0.8900590020229265,-89.96976956169927,207.86465734996628,9.409576338503058,G11
2.35,-0.0920502090357384,0.07735595414699932,0.8877710721510451,-89.71548770060689,208.95384548213082,8.157729406608222,G11
2.36,-0.10207583277140911,0.07676323668240055,0.8854831422791639,-89.4612058395145,210.04303361429533,6.905882474713445,G11
2.37,-0.11210145650708025,0.07617051921780175,0.8831952124072825,-89.20692397842213,211.1322217464599,5.654035542818611,G11
2.38,-0.12212708024275096,0.07557780175320297,0.8809072825354013,-88.95264211732975,212.2214098786244,4.402188610923832,G11
2.39,-0.1321527039784221,0.07498508428860418,0.8786193526635199,-88.69836025623736,213.31059801078894,3.1503416790289993,G11
2.4,-0.1421783277140928,0.07439236682400541,0.8763314227916387,-88.44407839514498,214.39978614295345,1.8984947471342206,G11
2.41,-0.15220395144976395,0.07379964935940661,0.8740434929197572,-88.1897965340526,215.488974275118,0.6466478152393869,G11
2.42,-0.16222957518543465,0.07320693189480784,0.871755563047876,-87.93551467296022,216.5781624072825,-0.6051991166553918,G11
2.43,-0.1722551989211058,0.07261421443020905,0.8694676331759946,-87.68123281186784,217.66735053944706,-1.8570460485502256,G11
2.44,-0.1822808226567765,0.07202149696561026,0.8671797033041134,-87.42695095077546,218.75653867161157,-3.1088929804450043,G11
2.45,-0.19230644639244765,0.07142877950101147,0.864891773432232,-87.17266908968308,219.84572680377613,-4.360739912339838,G11
2.46,-0.20233207012811835,0.0708360620364127,0.8626038435603508,-86.9183872285907,220.9349149359406,-5.612586844234615,G11
2.47,-0.2123576938637895,0.0702433445718139,0.8603159136884694,-86.66410536749832,222.02410306810518,-6.8644337761294505,G11
2.48,-0.23052715481171498,0.07100290794979078,0.8528357112970714,-86.23721426778245,222.41859391213387,-10.307962719665175,G11
2.49,-0.24950205020920513,0.07189621338912135,0.8448419874476987,-85.79325192468619,222.74437843096234,-13.96825142259416,G11
2.5,-0.2684769456066944,0.07278951882845187,0.8368482635983264,-85.34928958158997,223.07016294979078,-17.62854012552298,G11
2.5100000000000002,-0.2874518410041845,0.07368282426778244,0.8288545397489537,-84.90532723849371,223.39594746861926,-21.288828828451962,G11
2.52,-0.31038416666666696,0.07877979166666688,0.819717986111111,-84.32198555555554,222.96680576388886,-25.73441270833339,G11
2.5300000000000002,-0.3598008333333341,0.11200895833333387,0.8029332638888886,-82.80587444444443,217.48546548611102,-35.43543354166682,G11
2.54,-0.39375325471698097,0.14332896226415076,0.7781821698113209,-82.25637702830188,211.0607036320755,-42.11486490566035,G11
2.5500000000000003,-0.4207579716981138,0.17379122641509503,0.7498519811320749,-82.14115533018868,204.212085707547,-47.43677056603786,G11
2.56,-0.44426466960352434,0.19605519823788556,0.7174086343612334,-82.33312678414097,196.29115533039644,-52.136528546255526,G11
2.57,-0.46513251101321557,0.21213449339207027,0.6818623788546261,-82.75684044052862,187.5612874889869,-56.366947048458094,G11
2.58,-0.47907272727272726,0.2183063636363635,0.639934545454545,-83.22554181818182,177.09229454545442,-60.7161654545455,G11
2.59,-0.4768484848484849,0.2013609090909095,0.583116363636365,-83.79921454545453,162.56534303030338,-65.34258363636353,G11
2.6,-0.4671016993464052,0.16452313725490192,0.5559695424836602,-83.29950392156863,147.03836261437908,-68.71955320261438,G11
2.61,-0.45249408450704254,0.11687267605633875,0.5461298591549295,-82.13826000000003,131.17062366197203,-71.30824957746476,G11
2.62,-0.4319447887323945,0.06847830985915526,0.546045352112676,-80.36426000000002,116.75282084507052,-73.04999605633802,G11
2.63,-0.40166835616438423,0.042309315068493475,0.529867260273973,-78.46324356164386,104.60253000000021,-75.25609191780816,G11
2.64,-0.3732648148148147,0.03282592592592608,0.5044262962962959,-75.88917259259253,93.39496777777765,-78.04297444444448,G11
2.65,-0.36399320987654354,0.0460172839506168,0.4714941975308654,-71.35614172839523,82.0953751851856,-82.03882629629615,G11
2.66,-0.38437263157894697,0.04495236842105273,0.4504672368421054,-68.47529131578949,74.40759697368426,-84.6781814473684,G11
2.67,-0.41965218390804593,0.03346448275862103,0.4352617241379314,-66.69298655172416,68.62630908045988,-86.48521183908043,G11
2.68,-0.42547402298850573,0.006809310344827776,0.4067789655172416,-65.68395206896552,60.08019988505753,-88.28393022988504,G11
2.69,-0.42855623529411774,-0.013023347593582592,0.3883151336898396,-64.93765145454546,53.887662534759436,-89.52328420320855,G11
2.7,-0.42676800000000004,-0.02072709090909082,0.38766272727272727,-64.65843327272727,51.87925290909093,-89.76821254545453,G11
2.71,-0.42497976470588245,-0.028430834224598703,0.387010320855615,-64.3792150909091,49.870843283422516,-90.01314088770052,G11
2.72,-0.42319152941176474,-0.036134577540106926,0.3863579144385027,-64.0999969090909,47.86243365775402,-90.25806922994651,G11
2.73,-0.4214032941176471,-0.043838320855614815,0.3857055080213904,-63.82077872727273,45.854024032085604,-90.5029975721925,G11
2.74,-0.4196150588235294,-0.05154206417112304,0.3850531016042781,-63.541560545454544,43.8456144064171,-90.7479259144385,G11
2.75,-0.4178268235294118,-0.05924580748663092,0.3844006951871658,-63.262342363636364,41.83720478074869,-90.99285425668448,G11
2.7600000000000002,-0.4160385882352941,-0.06694955080213914,0.38374828877005346,-62.98312418181818,39.828795155080186,-91.23778259893048,G11
2.77,-0.4142503529411765,-0.07465329411764703,0.3830958823529412,-62.703906,37.82038552941177,-91.48271094117646,G11
2.7800000000000002,-0.41245414933837427,-0.08232349716446134,0.38246223062381857,-62.42380029300567,35.816258903591645,-91.72549303402646,G11
2.79,-0.4098690831758034,-0.086673213610586,0.3836852930056711,-62.05582959357278,34.23614926275993,-91.75579643667297,G11
2.8000000000000003,-0.40728401701323247,-0.09102293005671085,0.38490835538752366,-61.687858894139886,32.65603962192814,-91.78609983931948,G11
2.81,-0.40469895085066165,-0.0953726465028355,0.3861314177693762,-61.319888194707,31.075929981096422,-91.81640324196597,G11
2.82,-0.40211388468809084,-0.09972236294896017,0.3873544801512287,-60.95191749527412,29.4958203402647,-91.84670664461247,G11
2.83,-0.39952881852551986,-0.104072079395085,0.3885775425330813,-60.583946795841214,27.91571069943291,-91.87701004725898,G11
2.84,-0.39694375236294904,-0.10842179584120967,0.3898006049149338,-60.21597609640833,26.335601058601192,-91.90731344990547,G11
2.85,-0.3943586862003781,-0.11277151228733452,0.3910236672967864,-59.84800539697544,24.755491417769402,-91.93761685255198,G11
2.86,-0.39177362003780725,-0.11712122873345918,0.3922467296786389,-59.48003469754255,23.175381776937684,-91.9679202551985,G11
2.87,-0.3891885538752363,-0.12147094517958403,0.3934697920604915,-59.112063998109655,21.595272136105894,-91.99822365784499,G11
2.88,-0.3866034877126655,-0.12582066162570868,0.39469285444234403,-58.744093298676766,20.015162495274176,-92.0285270604915,G11
2.89,-0.38214010626992573,-0.12899138150903292,0.39531734325185974,-58.378774080765155,18.446849373007474,-92.09184518597236,G11
2.9,-0.37518686503719473,-0.13059924548352808,0.3951483740701382,-58.01696961742829,16.894173496280615,-92.19892701381508,G11
2.91,-0.3682336238044634,-0.13220710945802336,0.3949794048884166,-57.6551651540914,15.341497619553689,-92.30600884165781,G11
2.92,-0.3612803825717324,-0.13381497343251855,0.394810435706695,-57.29336069075453,13.78882174282683,-92.41309066950052,G11
2.93,-0.35432714133900106,-0.1354228374070138,0.39464146652497345,-56.931556227417644,12.2361458660999,-92.52017249734325,G11
2.94,-0.34737390010627006,-0.137030701381509,0.39447249734325185,-56.56975176408078,10.683469989373041,-92.62725432518597,G11
2.95,-0.34042065887353873,-0.13863856535600427,0.3943035281615303,-56.20794730074389,9.130794112646115,-92.73433615302869,G11
2.96,-0.33346741764080773,-0.14024642933049944,0.3941345589798087,-55.84614283740702,7.578118235919254,-92.84141798087141,G11
2.97,-0.3265141764080764,-0.14185429330499472,0.3939655897980871,-55.484338374070134,6.025442359192327,-92.94849980871413,G11
2.98,-0.3190248351648352,-0.14331915750915752,0.39355677655677657,-55.10538728937729,4.435257509157518,-93.06361809523808,G11
2.99,-0.2852665934065931,-0.13777703296703292,0.38139560439560427,-53.88625175824175,1.0071329670329372,-93.57252285714286,G11
3.0,-0.25150835164835245,-0.13223490842490856,0.36923443223443253,-52.667116227106256,-2.4209915750914908,-94.0814276190476,G11
3.0100000000000002,-0.20760192000000025,-0.12441864000000005,0.35618040000000006,-50.96916272000001,-5.740457599999989,-94.44983296000001,G11
3.02,-0.14026816000000017,-0.11155848,0.34130008000000006,-48.095999520000014,-8.607760000000008,-94.42344800000001,G11
3.0300000000000002,-0.10697215999999987,-0.11127048,0.33505208,-45.152487519999994,-7.007759999999994,-93.177648,G11
3.04,-0.0809158914728689,-0.1291472868217048,0.32192674418604694,-42.224984031007835,-4.184748139534974,-91.88756635658919,G11
3.0500000000000003,-0.07089999999999996,-0.15065599999999985,0.31850399999999995,-39.722138000000015,-1.6763380000000165,-91.04122,G11
3.06,-0.07499999999999989,-0.17096799999999945,0.3266119999999998,-37.639694000000055,0.19236599999995052,-90.65038000000001,G11
3.0700000000000003,-0.0791,-0.19128,0.33472,-35.55725,2.06107,-90.25954,G11
3.08,-0.08697903225806437,-0.2195380645161285,0.3427925806451611,-31.2110322580646,5.53311838709671,-90.64122548387097,G11
3.09,-0.07477170542635699,-0.22322697674418612,0.3360989922480622,-27.442568217054337,6.042602868217063,-91.56033449612401,G11
3.1,-0.058782999999999856,-0.20844893333333303,0.3155820666666663,-24.245594666666637,4.66869906666664,-92.10392093333333,G11
3.11,-0.04568300000000024,-0.18159560000000052,0.2847354000000006,-21.48732800000005,2.2259524000000455,-92.0326676,G11
3.12,-0.013286554054054225,-0.17342979729729732,0.24573094594594616,-18.562820810810827,-1.6296680405405195,-91.37012385135137,G11
3.13,0.031921718749998,-0.1830171354166657,0.21418223958333413,-15.521864427083441,-4.693701562499925,-90.55924005208337,G11
3.14,0.08984359374999902,-0.21048067708333285,0.19065619791666705,-12.36505713541672,-6.888357812499963,-89.61299526041668,G11
3.15,0.15359304635761342,-0.2461129801324488,0.1798945033112583,-7.261612649006863,-6.592993245033192,-87.88635615894047,G11
3.16,0.22146707317073136,-0.28603121951219507,0.1803485365853657,-0.45987780487810515,-3.929251219512251,-85.59374097560976,G11
3.17,0.28508495934959305,-0.2965515447154471,0.20565747967479658,9.941658780487733,6.410228455284481,-83.65742390243904,G11
3.18,0.29988661417322837,-0.2759234645669289,0.25447937007874066,20.390576299212697,20.80976149606314,-82.54998448818897,G11
3.19,0.26280933333333456,-0.23903133333333412,0.30530999999999914,30.05801799999984,36.452927999999716,-81.3536946666667,G11
3.2,0.21551101492537308,-0.21042689552238805,0.33690874626865674,36.033133791044776,46.93016262686567,-80.41085113432837,G11
3.21,0.2085416119402986,-0.21036271641791043,0.33823859701492537,36.549255432835814,47.64794770149253,-80.27982650746269,G11
3.22,0.20157220895522382,-0.21029853731343284,0.33956844776119405,37.065377074626866,48.36573277611941,-80.14880188059702,G11
3.23,0.19460280597014934,-0.21023435820895522,0.34089829850746267,37.581498716417904,49.08351785074626,-80.01777725373135,G11
3.24,0.18763340298507455,-0.2101701791044776,0.34222814925373135,38.09762035820896,49.80130292537314,-79.88675262686567,G11
3.25,0.18066400000000005,-0.210106,0.343558,38.613741999999995,50.519087999999996,-79.755728,G11
3.2600000000000002,0.17369459701492526,-0.2100418208955224,0.3448878507462687,39.129863641791054,51.23687307462688,-79.62470337313434,G11
3.27,0.16672519402985078,-0.20997764179104478,0.34621770149253733,39.645985283582085,51.95465814925373,-79.49367874626866,G11
3.2800000000000002,0.159755791044776,-0.20991346268656716,0.347547552238806,40.162106925373145,52.67244322388061,-79.36265411940299,G11
3.29,0.15278638805970152,-0.20984928358208954,0.34887740298507464,40.678228567164176,53.390228298507466,-79.23162949253732,G11
3.3000000000000003,0.1458169850746267,-0.20978510447761195,0.3502072537313433,41.194350208955235,54.10801337313435,-79.10060486567164,G11
3.31,0.13884758208955222,-0.20972092537313433,0.35153710447761194,41.710471850746266,54.825798447761194,-78.96958023880597,G11
3.3200000000000003,0.13187817910447747,-0.2096567462686567,0.3528669552238806,42.226593492537326,55.543583522388076,-78.8385556119403,G11
3.33,0.12490877611940296,-0.2095925671641791,0.35419680597014924,42.74271513432836,56.26136859701493,-78.70753098507463,G11
3.34,0.12146790104947532,-0.2133062218890554,0.3537404947526237,43.163282038980505,56.03628305847077,-78.58473029985008,G11
3.35,0.11817404797601197,-0.21717728635682162,0.35320976011994004,43.57986749625188,55.77191124437781,-78.46227227886057,G11
3.36,0.11488019490254878,-0.22104835082458765,0.3526790254872564,43.99645295352323,55.507539430284865,-78.33981425787107,G11
3.37,0.11158634182908543,-0.22491941529235387,0.3521482908545727,44.413038410794606,55.243167616191904,-78.21735623688156,G11
3.38,0.10829248875562222,-0.2287904797601199,0.35161755622188906,44.829623868065966,54.97879580209896,-78.09489821589206,G11
3.39,0.10499863568215889,-0.2326615442278861,0.3510868215892054,45.24620932533734,54.714423988006,-77.97244019490255,G11
3.4,0.10170478260869568,-0.23653260869565215,0.35055608695652174,45.66279478260869,54.45005217391304,-77.84998217391305,G11
3.41,0.09841092953523234,-0.24040367316341835,0.3500253523238381,46.07938023988007,54.18568035982009,-77.72752415292354,G11
3.42,0.09511707646176915,-0.2442747376311844,0.3494946176911544,46.49596569715142,53.921308545727136,-77.60506613193404,G11
3.43,0.09182322338830579,-0.2481458020989506,0.34896388305847076,46.9125511544228,53.656936731634175,-77.48260811094453,G11
3.44,0.08852937031484259,-0.2520168665667166,0.3484331484257871,47.32913661169415,53.39256491754123,-77.36015008995503,G11
3.45,0.08523551724137925,-0.2558879310344828,0.34790241379310344,47.74572206896553,53.12819310344827,-77.23769206896552,G11
3.46,0.08194166416791604,-0.2597589955022489,0.3473716791604198,48.16230752623688,52.86382128935532,-77.11523404797602,G11
3.47,0.0803111111111111,-0.26724400000000015,0.34767288888888886,50.56607088888894,48.1462268888888,-76.62697066666667,G11
3.48,0.07970000000000001,-0.2769439999999998,0.34848399999999996,54.18778199999992,40.699238000000165,-75.91450400000002,G11
3.49,0.10158563380281722,-0.2509139436619714,0.3673109859154932,58.72766225352118,29.846040845070284,-75.82152577464788,G11
3.5,0.1267458536585365,-0.21927658536585376,0.385610487804878,62.22602975609755,21.247070731707336,-75.99441658536585,G11
3.5100000000000002,0.1494104878048782,-0.19099304878048762,0.39718670731707323,63.85980414634147,17.150997560975583,-76.36213304878049,G11
3.52,0.17207512195121893,-0.1627095121951227,0.40876292682926796,65.49357853658532,13.054924390244008,-76.7298495121951,G11
3.5300000000000002,0.197795428571428,-0.13119685714285778,0.42350142857142814,67.19564028571425,8.628570285714364,-77.08484657142856,G11
3.54,0.24592399999999917,-0.07600400000000097,0.46142999999999934,69.39847599999996,1.7801560000001215,-77.34656799999999,G11
3.5500000000000003,0.2839972093023257,-0.05203279069767439,0.49317000000000005,70.81626162790698,-4.304274418604663,-76.32061093023255,G11
3.56,0.31833530201342203,-0.06082483221476428,0.5111222818791945,71.77642100671139,-10.242222617449526,-74.33126604026852,G11
3.5700000000000003,0.35290577181208077,-0.0969523489932888,0.5139880536912751,72.53465590604027,-16.37983335570474,-71.72867543624159,G11
3.58,0.3963979452054796,-0.1366105479452056,0.5175401369863014,74.50674438356165,-23.88434465753427,-68.34842945205479,G11
3.59,0.4451826760563372,-0.15739056338028168,0.530963802816901,77.27040169014079,-30.95430450704215,-64.77411140845076,G11
3.6,0.4986699999999997,-0.1552528571428574,0.5546561224489795,80.79545142857141,-37.203923673469376,-61.05405285714288,G11
3.61,0.5456699999999989,-0.11830047619047705,0.5724248299319723,84.1293085714285,-39.4576515646258,-57.502100476190556,G11
3.62,0.5861666917293232,-0.07098390977443622,0.6017484962406013,87.12162669172932,-39.338688646616546,-53.77696165413535,G11
3.63,0.6139840127388534,-0.02289796178344026,0.6355356050955407,89.41819853503182,-37.196185031847214,-50.117180382165685,G11
3.64,0.6185763694267516,0.006879108280255029,0.6591725477707008,90.41007751592358,-33.98716592356685,-46.98595108280252,G11
3.65,0.6220333333333333,0.010006666666666796,0.66699,90.82443,-32.49364000000001,-44.39186000000004,G11
3.66,0.6249801932367149,0.0011612560386473382,0.6677001449275362,90.97931405797101,-31.770842898550725,-42.039091884057974,G11
3.67,0.6263544659377628,-0.0052358620689654,0.6693132464255676,91.12653746846088,-31.71749653490327,-40.836152245584536,G11
3.68,0.6267648948696384,-0.010132413793103444,0.6714797729184188,91.26906564339781,-32.074458687973085,-40.3379461900757,G11
3.69,0.6271753238015139,-0.01502896551724127,0.6736462994112699,91.41159381833472,-32.431420841042886,-39.839740134566874,G11
3.7,0.6275857527333893,-0.019925517241379316,0.6758128259041211,91.55412199327165,-32.7883829941127,-39.341534079058036,G11
3.71,0.6279961816652649,-0.02482206896551714,0.6779793523969722,91.69665016820858,-33.145345147182496,-38.84332802354921,G11
3.72,0.6284066105971404,-0.029718620689655185,0.6801458788898234,91.8391783431455,-33.50230730025231,-38.34512196804037,G11
3.73,0.6288170395290159,-0.03461517241379301,0.6823124053826745,91.98170651808242,-33.85926945332211,-37.84691591253155,G11
3.74,0.6292274684608915,-0.039511724137931054,0.6844789318755257,92.12423469301935,-34.21623160639193,-37.348709857022705,G11
3.75,0.629637897392767,-0.044408275862068886,0.6866454583683768,92.26676286795626,-34.573193759461724,-36.85050380151389,G11
3.7600000000000002,0.6300483263246426,-0.049304827586206926,0.6888119848612279,92.40929104289319,-34.93015591253154,-36.35229774600504,G11
3.77,0.6304587552565181,-0.05420137931034475,0.690978511354079,92.55181921783011,-35.28711806560134,-35.854091690496226,G11
3.7800000000000002,0.6308691841883936,-0.0590979310344828,0.6931450378469302,92.69434739276704,-35.64408021867116,-35.35588563498738,G11
3.79,0.6325228598604946,-0.061199993658845896,0.6948937412809131,92.88618878883958,-36.066966271401384,-34.92878627774255,G11
3.8000000000000003,0.6346363665187064,-0.062268478123018396,0.6964879074191502,93.09626932149652,-36.51423513633482,-34.527986658211795,G11
3.81,0.6367498731769181,-0.06333696258719085,0.6980820735573874,93.30634985415345,-36.961504001268224,-34.12718703868104,G11
3.8200000000000003,0.63886337983513,-0.06440544705136336,0.6996762396956245,93.51643038681041,-37.40877286620165,-33.726387419150285,G11
3.83,0.6409768864933417,-0.06547393151553581,0.7012704058338617,93.72651091946734,-37.85604173113506,-33.325587799619534,G11
3.84,0.6430903931515535,-0.06654241597970827,0.7028645719720988,93.93659145212428,-38.303310596068464,-32.92478818008879,G11
3.85,0.6452038998097653,-0.06761090044388077,0.704458738110336,94.14667198478124,-38.75057946100189,-32.523988560558024,G11
3.86,0.6473174064679771,-0.06867938490805323,0.7060529042485731,94.35675251743817,-39.197848325935304,-32.12318894102728,G11
3.87,0.649430913126189,-0.06974786937222573,0.7076470703868104,94.56683305009511,-39.64511719086873,-31.722389321496518,G11
3.88,0.6515444197844007,-0.07081635383639819,0.7092412365250474,94.77691358275206,-40.09238605580214,-31.321589701965774,G11
3.89,0.6536579264426124,-0.07188483830057069,0.7108354026632847,94.986994115409,-40.539654920735565,-30.92079008243501,G11
3.9,0.6557714331008242,-0.07295332276474314,0.7124295688015219,95.19707464806594,-40.98692378566897,-30.519990462904264,G11
3.91,0.6578849397590361,-0.07402180722891565,0.714023734939759,95.4071551807229,-41.4341926506024,-30.1191908433735,G11
3.92,0.6599984464172478,-0.0750902916930881,0.7156179010779962,95.61723571337983,-41.881461515535804,-29.718391223842755,G11
3.93,0.6621119530754597,-0.0761587761572606,0.7172120672162333,95.82731624603677,-42.32873038046924,-29.317591604311993,G11
3.94,0.6642254597336714,-0.07722726062143306,0.7188062333544705,96.03739677869372,-42.775999245402645,-28.916791984781245,G11
3.95,0.66431,-0.07727,0.71887,96.0458,-42.79389,-28.90076,G11
3.96,0.66431,-0.07727,0.71887,96.0458,-42.79389,-28.90076,G11
3.97,0.66431,-0.07727,0.71887,96.0458,-42.79389,-28.90076,G11
3.98,0.66431,-0.07727,0.71887,96.0458,-42.79389,-28.90076,G11
3.99,0.66431,-0.07727,0.71887,96.0458,-42.79389,-28.90076,G11
4.0,0.66431,-0.07727,0.71887,96.0458,-42.79389,-28.90076,G11
