time,ax_g,ay_g,az_g,gx_dps,gy_dps,gz_dps,label
0.0851,1.05835,0.15601,1.12012,24.22901,-5.40458,-23.78626,G13
0.09509999999999999,1.0428642857142856,0.15273,1.1174,24.089421428571427,0.431842857142855,-19.267174285714287,G13
0.10509999999999999,1.0207456395348837,0.15140517441860463,1.1145605813953487,23.924815755813952,6.1361614534883655,-14.87928005813954,G13
0.11509999999999998,0.9787281976744188,0.15594587209302324,1.1113629069767441,23.68515877906977,11.444167267441848,-10.884960290697684,G13
0.1251,0.936505549132948,0.16178387283236992,1.1115449710982659,23.02528427745665,15.370162832369939,-7.384632138728328,G13
0.13509999999999997,0.8941009248554914,0.1687723121387283,1.1147241618497108,21.992764046242776,18.07060213872832,-4.322372023121397,G13
0.14509999999999995,0.8822960800842993,0.17099276080084297,1.1137338672286616,21.526283603793466,18.524460284510013,-3.3263912328767145,G13
0.15509999999999996,0.8781411801896734,0.17202121180189672,1.111701201264489,21.201313108535302,18.416673140147527,-2.846980273972605,G13
0.16509999999999997,0.8739862802950474,0.17304966280295048,1.1096685353003162,20.876342613277135,18.308885995785037,-2.367569315068495,G13
0.17509999999999995,0.8698313804004215,0.1740781138040042,1.1076358693361432,20.551372118018968,18.20109885142255,-1.8881583561643862,G13
0.18509999999999993,0.8656764805057956,0.17510656480505796,1.1056032033719705,20.226401622760804,18.093311707060064,-1.4087473972602775,G13
0.19509999999999994,0.8615215806111697,0.17613501580611168,1.1035705374077978,19.901431127502637,17.985524562697577,-0.9293364383561675,G13
0.20509999999999995,0.8573666807165438,0.17716346680716544,1.101537871443625,19.57646063224447,17.87773741833509,-0.44992547945205796,G13
0.21509999999999996,0.8532117808219178,0.17819191780821916,1.099505205479452,19.251490136986305,17.7699502739726,0.029485479452052044,G13
0.2250999999999999,0.8490568809272919,0.17922036880927292,1.0974725395152793,18.926519641728138,17.662163129610114,0.5088964383561598,G13
0.23509999999999992,0.8459592786885246,0.17998468196721312,1.0951965114754099,18.61353019016394,17.475133154098362,0.9256567606557352,G13
0.24509999999999993,0.8452150163934427,0.18016107540983606,1.0923788065573772,18.327208222950823,17.111723973770495,1.2029688918032764,G13
0.25509999999999994,0.8444707540983607,0.18033746885245902,1.0895611016393443,18.040886255737707,16.748314793442624,1.4802810229508176,G13
0.2650999999999999,0.8437264918032787,0.18051386229508198,1.0867433967213116,17.754564288524595,16.384905613114757,1.7575931540983574,G13
0.2750999999999999,0.8429822295081968,0.18069025573770492,1.0839256918032787,17.46824232131148,16.02149643278689,2.0349052852458986,G13
0.2850999999999999,0.8422379672131147,0.18086664918032788,1.081107986885246,17.181920354098363,15.65808725245902,2.31221741639344,G13
0.2950999999999999,0.8414937049180328,0.18104304262295082,1.078290281967213,16.89559838688525,15.29467807213115,2.589529547540981,G13
0.30509999999999987,0.8407494426229508,0.18121943606557378,1.0754725770491804,16.609276419672135,14.931268891803283,2.866841678688521,G13
0.3150999999999999,0.8400051803278689,0.18139582950819672,1.0726548721311475,16.322954452459022,14.567859711475414,3.144153809836062,G13
0.3250999999999999,0.8392609180327869,0.18157222295081968,1.0698371672131148,16.036632485245907,14.204450531147545,3.421465940983603,G13
0.3350999999999999,0.838516655737705,0.1817486163934426,1.067019462295082,15.75031051803279,13.841041350819676,3.6987780721311445,G13
0.3450999999999999,0.837772393442623,0.18192500983606558,1.0642017573770493,15.463988550819675,13.477632170491805,3.9760902032786856,G13
0.35509999999999986,0.837028131147541,0.18210140327868854,1.0613840524590163,15.177666583606563,13.11422299016394,4.253402334426225,G13
0.36509999999999987,0.8362838688524591,0.18227779672131147,1.0585663475409837,14.891344616393447,12.750813809836071,4.530714465573766,G13
0.3750999999999999,0.8355396065573771,0.18245419016393444,1.0557486426229508,14.60502264918033,12.3874046295082,4.808026596721308,G13
0.38509999999999983,0.8367295999999995,0.18247360000000004,1.0523092,14.103208000000068,11.812517600000069,5.219539599999955,G13
0.39509999999999984,0.8682229333333328,0.18003360000000004,1.0391292000000003,10.225341333333404,7.924477600000069,7.733532933333288,G13
0.40509999999999985,0.9246484848484835,0.1734703030303032,1.0247815151515154,5.915334545454623,4.244737575757634,10.54961606060601,G13
0.41509999999999986,0.9849102255639096,0.16386000000000014,1.0089520300751882,1.5854917293233577,2.0711714285713976,13.828963233082646,G13
0.42509999999999987,0.9952861654135337,0.1548600000000001,0.9913354887218048,-1.7319593984961998,4.148885714285688,17.823685037593933,G13
0.4350999999999998,0.9758906000000004,0.14661075000000012,0.9765277000000003,-3.1350379499999788,7.92725414999993,20.288017249999957,G13
0.44509999999999983,0.9535506000000005,0.13843575000000014,0.9619977000000003,-4.348782949999979,11.87381914999993,22.60099224999996,G13
0.45509999999999984,0.944885207823961,0.13501004889975554,0.952760317848411,-4.76713298288508,13.747401735941292,23.82482012224937,G13
0.4650999999999998,0.9375722493887532,0.13205405867970665,0.9440463814180932,-5.106817579462096,15.415964083129548,24.94093014669924,G13
0.4750999999999998,0.9302592909535453,0.12909806845965777,0.9353324449877752,-5.446502176039114,17.084526430317815,26.057040171149122,G13
0.4850999999999998,0.9229463325183375,0.12614207823960885,0.9266185085574574,-5.786186772616131,18.75308877750608,27.173150195599,G13
0.4950999999999998,0.9117658823529413,0.12229985294117654,0.8996541176470593,-6.777053235294101,20.931296323529377,30.752359558823468,G13
0.5050999999999998,0.8981176106194694,0.12165876106194684,0.8607197345132753,-7.7994997345132555,22.808080884955725,35.245559469026446,G13
0.5150999999999998,0.8833216535433074,0.12497834645669283,0.8177762204724417,-8.46042173228346,23.692854251968505,39.63262803149598,G13
0.5250999999999998,0.8714604166666665,0.1279329166666667,0.7862520833333337,-8.640583750000001,23.485367083333355,42.84605874999996,G13
0.5350999999999998,0.8816340277777776,0.12598152777777782,0.763786805555556,-8.629979583333334,22.28731847222225,44.98770458333328,G13
0.5450999999999997,0.8956578082191775,0.12602136986301365,0.7368453424657544,-8.47035123287672,21.092960547945243,47.21489219178075,G13
0.5550999999999997,0.9088438341968913,0.12695813471502593,0.7099468911917103,-8.143098134715046,20.06502093264249,49.4512506217616,G13
0.5650999999999997,0.9052427979274612,0.12619647668393785,0.6976774611398967,-7.415336476683957,19.898901761658035,51.460504507771965,G13
0.5750999999999997,0.9023109528301887,0.1255702924528302,0.6877797641509434,-6.809907556603779,19.771983773584907,53.09243490566037,G13
0.5850999999999997,0.9016194433962265,0.12539765094339622,0.6858222169811321,-6.614027367924534,19.77630452830189,53.46115188679244,G13
0.5950999999999997,0.9009279339622642,0.12522500943396228,0.6838646698113208,-6.418147179245287,19.780625283018868,53.82986886792452,G13
0.6050999999999997,0.9002364245283019,0.1250523679245283,0.6819071226415094,-6.222266990566042,19.78494603773585,54.19858584905659,G13
0.6150999999999996,0.8995449150943396,0.12487972641509434,0.6799495754716982,-6.026386801886799,19.789266792452832,54.567302830188666,G13
0.6250999999999997,0.8988534056603774,0.12470708490566039,0.6779920283018869,-5.830506613207553,19.793587547169814,54.93601981132074,G13
0.6350999999999997,0.8981618962264152,0.12453444339622642,0.6760344811320755,-5.6346264245283075,19.797908301886793,55.304736792452815,G13
0.6450999999999997,0.8974703867924528,0.12436180188679245,0.6740769339622642,-5.438746235849062,19.802229056603775,55.673453773584896,G13
0.6550999999999997,0.8967788773584906,0.1241891603773585,0.6721193867924529,-5.242866047169817,19.806549811320757,56.04217075471697,G13
0.6650999999999997,0.8960873679245284,0.12401651886792453,0.6701618396226415,-5.046985858490571,19.810870566037735,56.410887735849045,G13
0.6750999999999997,0.8953958584905661,0.12384387735849058,0.6682042924528302,-4.851105669811325,19.815191320754717,56.77960471698112,G13
0.6850999999999996,0.8952105422535211,0.12369348591549297,0.6662994154929578,-4.690574633802822,19.791728422535215,57.10975100704224,G13
0.6950999999999996,0.8953225140845071,0.12355616197183099,0.664425471830986,-4.55080421126761,19.751948140845073,57.417244669014075,G13
0.7050999999999996,0.895434485915493,0.12341883802816901,0.6625515281690141,-4.411033788732399,19.71216785915493,57.72473833098591,G13
0.7150999999999996,0.8955464577464789,0.12328151408450705,0.6606775845070423,-4.2712633661971875,19.67238757746479,58.03223199295773,G13
0.7250999999999996,0.8956584295774648,0.12314419014084507,0.6588036408450705,-4.131492943661977,19.63260729577465,58.339725654929566,G13
0.7350999999999996,0.8957704014084508,0.1230068661971831,0.6569296971830987,-3.991722521126765,19.59282701408451,58.6472193169014,G13
0.7450999999999997,0.8958823732394366,0.12286954225352113,0.6550557535211268,-3.8519520985915534,19.553046732394368,58.95471297887323,G13
0.7550999999999997,0.8959943450704225,0.12273221830985916,0.653181809859155,-3.7121816760563426,19.513266450704226,59.26220664084506,G13
0.7650999999999997,0.8961063169014085,0.12259489436619718,0.6513078661971832,-3.572411253521131,19.473486169014084,59.56970030281689,G13
0.7750999999999996,0.8962182887323944,0.12245757042253522,0.6494339225352114,-3.432640830985921,19.433705887323946,59.877193964788724,G13
0.7850999999999996,0.8963302605633803,0.12232024647887324,0.6475599788732396,-3.29287040845071,19.393925605633804,60.18468762676055,G13
0.7950999999999996,0.8964422323943663,0.12218292253521126,0.6456860352112677,-3.1530999859154987,19.354145323943662,60.49218128873238,G13
0.8050999999999996,0.8965542042253521,0.1220455985915493,0.6438120915492959,-3.013329563380287,19.31436504225352,60.799674950704215,G13
0.8150999999999996,0.896666176056338,0.12190827464788732,0.6419381478873241,-2.873559140845076,19.274584760563382,61.10716861267605,G13
0.8250999999999996,0.8934945405405409,0.12029594594594607,0.6367559459459463,-2.268699621621668,19.344174054054044,62.2760444864864,G13
0.8350999999999996,0.8859702162162165,0.11672837837837852,0.6271883783783788,-1.0473266486486985,19.55874162162161,64.5867525945945,G13
0.8450999999999995,0.8778977551020413,0.11508795918367348,0.6153656462585041,0.5378845578230363,20.100640544217647,66.88850782312913,G13
0.8550999999999995,0.8700481273408242,0.11492026217228463,0.6027110486891388,2.300830074906318,20.824710187265907,69.04954917602991,G13
0.8650999999999995,0.8672129213483147,0.11537719101123593,0.5965387640449441,3.3701034831460173,21.104893707865156,70.1245416853932,G13
0.8750999999999995,0.8643777153558053,0.11583411985018724,0.5903664794007494,4.439376891385717,21.385077228464404,71.1995341947565,G13
0.8850999999999996,0.8615109302325582,0.11577790697674421,0.5853495348837211,5.815376279069683,21.68648674418603,72.56701744186039,G13
0.8950999999999996,0.8586039534883723,0.11506860465116282,0.5818030232558141,7.581754186046428,22.014911162790682,74.3067616279069,G13
0.9050999999999996,0.8550980597014927,0.1140156716417911,0.585404029850746,9.922070746268544,22.795942238805928,76.48376223880587,G13
0.9150999999999996,0.8509813333333335,0.11302666666666669,0.5917758787878785,12.422114242424144,24.050332666666595,78.75817775757567,G13
0.9250999999999996,0.8462480000000002,0.11236000000000003,0.5981334545454543,14.818599090909,25.789865999999936,80.91409290909083,G13
0.9350999999999995,0.8377010638297877,0.11274950354609926,0.609143262411347,17.370582411347396,28.164472411347393,83.369499432624,G13
0.9450999999999995,0.8265235135135142,0.11599783783783744,0.6185913513513512,19.75242594594586,30.5826272972972,85.83742324324314,G13
0.9550999999999995,0.8127532432432439,0.12449108108108066,0.6210643243243242,21.650507027026936,32.59418135135125,88.09655837837828,G13
0.9650999999999995,0.810886,0.12887094545454528,0.6222053090909091,22.48583141818179,33.33573981818179,89.15287105454541,G13
0.9750999999999995,0.811286,0.13246730909090892,0.6230925818181818,23.118725963636333,33.83539436363634,89.98007469090906,G13
0.9850999999999995,0.8116795890410958,0.13619924657534224,0.623659589041096,23.760538767123254,34.36913452054791,90.80811993150682,G13
0.9950999999999995,0.8120083561643836,0.14130198630136964,0.6209883561643836,24.492525068493116,35.24751808219174,91.64467472602736,G13
1.0050999999999994,0.7975770000000012,0.15461549999999905,0.6176915000000002,25.381682499999947,36.767940499999895,92.18778599999997,G13
1.0150999999999994,0.7788489589905364,0.16866851735015773,0.6150648107255521,26.17451835962144,38.26667213722397,92.47854170347003,G13
1.0250999999999995,0.7747574763406941,0.16905337539432175,0.6159118138801262,26.33585905362775,38.430420559936906,92.50141867507887,G13
1.0350999999999995,0.7706659936908519,0.1694382334384858,0.6167588170347003,26.49719974763406,38.59416898264983,92.5242956466877,G13
1.0450999999999995,0.7665745110410096,0.16982309148264982,0.6176058201892745,26.65854044164037,38.75791740536277,92.54717261829653,G13
1.0550999999999995,0.7624830283911673,0.17020794952681387,0.6184528233438485,26.81988113564668,38.9216658280757,92.57004958990537,G13
1.0650999999999995,0.7583915457413251,0.17059280757097792,0.6192998264984227,26.981221829652988,39.08541425078864,92.5929265615142,G13
1.0750999999999995,0.7543000630914828,0.17097766561514194,0.6201468296529968,27.142562523659297,39.24916267350157,92.61580353312303,G13
1.0850999999999995,0.7502085804416405,0.171362523659306,0.6209938328075709,27.303903217665606,39.41291109621451,92.63868050473187,G13
1.0950999999999995,0.7461170977917982,0.17174738170347,0.6218408359621451,27.465243911671916,39.57665951892744,92.6615574763407,G13
1.1050999999999995,0.742025615141956,0.17213223974763406,0.6226878391167192,27.626584605678225,39.74040794164037,92.68443444794953,G13
1.1150999999999995,0.7379341324921137,0.1725170977917981,0.6235348422712933,27.787925299684535,39.904156364353305,92.70731141955837,G13
1.1250999999999995,0.7338426498422714,0.17290195583596213,0.6243818454258675,27.949265993690844,40.06790478706624,92.7301883911672,G13
1.1350999999999993,0.7297511671924293,0.17328681388012615,0.6252288485804416,28.11060668769715,40.23165320977917,92.75306536277603,G13
1.1450999999999993,0.7273669362017804,0.17328577893175076,0.6263570697329376,28.267303694362006,40.27170268545994,92.80260380563799,G13
1.1550999999999993,0.7263795474777448,0.17296901335311574,0.6277153783382788,28.420201320474767,40.21054393175075,92.87395617952522,G13
1.1650999999999994,0.7253921587537092,0.17265224777448074,0.6290736869436201,28.57309894658753,40.14938517804155,92.94530855341246,G13
1.1750999999999994,0.7244047700296736,0.1723354821958457,0.6304319955489613,28.725996572700286,40.08822642433235,93.0166609272997,G13
1.1850999999999994,0.723417381305638,0.17201871661721072,0.6317903041543026,28.878894198813047,40.02706767062315,93.08801330118695,G13
1.1950999999999994,0.7224299925816025,0.1717019510385757,0.6331486127596438,29.031791824925808,39.965908916913946,93.15936567507418,G13
1.2050999999999994,0.7214426038575668,0.17138518545994066,0.6345069213649851,29.184689451038565,39.90475016320475,93.23071804896142,G13
1.2150999999999994,0.7204552151335312,0.17106841988130567,0.6358652299703264,29.337587077151326,39.84359140949555,93.30207042284866,G13
1.2250999999999994,0.7194678264094956,0.17075165430267064,0.6372235385756676,29.490484703264087,39.78243265578635,93.3734227967359,G13
1.2350999999999994,0.71848043768546,0.17043488872403564,0.6385818471810089,29.643382329376845,39.72127390207715,93.44477517062315,G13
1.2450999999999994,0.7174930489614244,0.17011812314540062,0.6399401557863501,29.796279955489606,39.66011514836796,93.51612754451038,G13
1.2550999999999994,0.7165056602373888,0.1698013575667656,0.6412984643916914,29.949177581602367,39.59895639465876,93.58747991839762,G13
1.2650999999999994,0.7155182715133531,0.1694845919881306,0.6426567729970326,30.102075207715124,39.537797640949556,93.65883229228486,G13
1.2750999999999995,0.7145221678321679,0.169166013986014,0.6448941258741252,30.34067762237755,39.347145104895205,93.83579685314677,G13
1.2850999999999992,0.7134102797202798,0.16882335664335665,0.6588102097902088,31.71792937062927,37.43607517482531,95.41589475524464,G13
1.2950999999999993,0.7087332432432437,0.1726610810810806,0.669255675675675,33.18423945945934,35.698368918919044,97.25892243243227,G13
1.3050999999999993,0.7035370666666664,0.1793703999999992,0.6779526666666659,34.62412666666658,34.11704733333344,99.18534586666652,G13
1.3150999999999993,0.7061437333333331,0.18881039999999927,0.6877193333333326,35.66229333333325,32.844780666666765,100.77313253333321,G13
1.3250999999999993,0.7122195890410954,0.19842109589041027,0.6922560273972601,36.40866164383557,31.9429047945206,102.18948260273963,G13
1.3350999999999993,0.718435925925926,0.20719077441077408,0.6940417845117843,36.94615723905722,31.453212962962937,103.375281043771,G13
1.3450999999999993,0.7180655555555555,0.21224464646464614,0.695600707070707,37.24944343434341,31.84902777777775,103.99213626262622,G13
1.3550999999999993,0.7176951851851852,0.21729851851851817,0.6971596296296295,37.55272962962961,32.24484259259256,104.60899148148144,G13
1.3650999999999993,0.715273333333334,0.22346833333333263,0.7010049999999992,37.97200999999994,33.03307999999985,105.29770999999992,G13
1.3750999999999993,0.7059834782608703,0.23337413043478192,0.7125049999999992,38.77961869565211,35.13507999999985,106.22701434782603,G13
1.3850999999999993,0.6940097368421061,0.24592118421052547,0.7179878947368418,39.472776447368375,37.74698493421035,106.87012447368417,G13
1.3950999999999993,0.6824090000000006,0.2580089999999993,0.7229629999999996,40.056484999999974,40.77098999999978,107.56030299999995,G13
1.4050999999999993,0.6671132539682563,0.267629682539682,0.7301115079365071,40.41100079365078,44.45861896825372,108.40591706349201,G13
1.4150999999999994,0.6336926190476211,0.2752804761904757,0.7407702380952375,40.604873809523795,48.17848404761882,109.10868690476185,G13
1.4250999999999994,0.5792611382113855,0.27541536585365856,0.7614047967479662,40.85148658536584,50.93886609756081,109.41873536585364,G13
1.4350999999999994,0.5360445205479474,0.27068643835616474,0.779592191780821,41.20234410958902,50.991111643835666,109.42654383561644,G13
1.4450999999999994,0.5043261904761912,0.265319523809524,0.7949671428571422,41.58560761904759,49.2257404761907,109.34714761904762,G13
1.4550999999999992,0.49145544217687187,0.2624963945578234,0.8055997959183664,41.95949197278908,45.20642074829967,109.30560340136054,G13
1.4650999999999992,0.4898331770334927,0.26298238277511954,0.8077052631578947,42.07431573205741,43.91495865071776,109.34741222009568,G13
1.4750999999999992,0.49084944497607647,0.26424458373205734,0.8078105263157894,42.128372191387555,43.26336439234455,109.40877298564592,G13
1.4850999999999992,0.4918657129186602,0.26550678468899513,0.8079157894736843,42.182428650717696,42.61177013397135,109.47013375119616,G13
1.4950999999999992,0.49288198086124396,0.26676898564593293,0.808021052631579,42.23648511004784,41.96017587559814,109.5314945167464,G13
1.5050999999999992,0.49389824880382766,0.26803118660287073,0.8081263157894737,42.290541569377986,41.30858161722493,109.59285528229664,G13
1.5150999999999992,0.4949145167464114,0.26929338755980853,0.8082315789473684,42.34459802870813,40.65698735885173,109.65421604784689,G13
1.5250999999999992,0.49593078468899515,0.2705555885167463,0.8083368421052631,42.39865448803827,40.00539310047852,109.71557681339712,G13
1.5350999999999992,0.4969470526315789,0.2718177894736841,0.8084421052631579,42.452710947368416,39.35379884210532,109.77693757894735,G13
1.5450999999999993,0.4979633205741626,0.2730799904306219,0.8085473684210526,42.50676740669856,38.70220458373211,109.8382983444976,G13
1.5550999999999993,0.49897958851674634,0.2743421913875597,0.8086526315789474,42.5608238660287,38.0506103253589,109.89965911004784,G13
1.5650999999999993,0.5001120779220778,0.2757364935064934,0.8087231168831168,42.609299220779214,37.53683181818184,109.95875753246753,G13
1.5750999999999993,0.5014511832611832,0.277365642135642,0.8087317748917748,42.647852611832604,37.26805909090911,110.013834011544,G13
1.5850999999999993,0.5027902886002885,0.2789947907647906,0.8087404329004328,42.686406002885995,36.99928636363639,110.06891049062048,G13
1.5950999999999993,0.5041293939393938,0.28062393939393926,0.8087490909090909,42.724959393939386,36.73051363636365,110.12398696969697,G13
1.605099999999999,0.5054684992784991,0.28225308802308785,0.8087577489177489,42.76351278499278,36.461740909090935,110.17906344877345,G13
1.615099999999999,0.5068076046176045,0.2838822366522365,0.8087664069264069,42.80206617604617,36.19296818181821,110.23413992784992,G13
1.625099999999999,0.5081467099567099,0.28551138528138514,0.8087750649350649,42.840619567099566,35.924195454545476,110.2892164069264,G13
1.635099999999999,0.5094858152958152,0.28714053391053374,0.8087837229437229,42.87917295815296,35.65542272727275,110.34429288600289,G13
1.6450999999999991,0.5108249206349206,0.2887696825396824,0.8087923809523809,42.91772634920635,35.386650000000024,110.39936936507937,G13
1.6550999999999991,0.5121640259740259,0.29039883116883103,0.8088010389610389,42.95627974025974,35.1178772727273,110.45444584415584,G13
1.6650999999999991,0.5135031313131312,0.2920279797979797,0.808809696969697,42.99483313131313,34.849104545454566,110.50952232323232,G13
1.6750999999999991,0.5148422366522366,0.29365712842712827,0.808818354978355,43.03338652236652,34.58033181818184,110.56459880230881,G13
1.6850999999999992,0.5161813419913419,0.2952862770562769,0.808827012987013,43.07193991341991,34.311559090909114,110.61967528138528,G13
1.6950999999999992,0.5175204473304472,0.29691542568542556,0.808835670995671,43.1104933044733,34.04278636363639,110.67475176046176,G13
1.7050999999999992,0.5206874747474743,0.30210626262626195,0.807297070707071,43.318681616161584,33.95080909090908,110.71385565656566,G13
1.7150999999999992,0.5256824242424238,0.3108587878787872,0.8042112121212124,43.696504848484814,34.03562727272727,110.73698696969697,G13
1.7250999999999992,0.5237486705202319,0.3205275144508662,0.8014826011560696,44.01094092485547,35.09050231213857,110.69302410404626,G13
1.7350999999999992,0.5154191907514458,0.33104196531791813,0.7990837572254337,44.2668657803468,37.04081445086688,110.58712815028903,G13
1.7450999999999992,0.5071038405797107,0.3428960144927527,0.7976755072463769,44.01471398550728,39.76645391304326,110.23276942028988,G13
1.7550999999999992,0.4950647761194042,0.3487170149253734,0.7975599253731342,43.42657067164185,42.7854586567162,109.70912432835826,G13
1.7650999999999992,0.47800958801498217,0.345330411985019,0.7991661048689135,42.59147722846444,45.81158700374521,109.0523491385768,G13
1.775099999999999,0.46557513108614346,0.34176486891385804,0.8039676029962542,42.31700906367043,47.26397277153544,108.60062254681652,G13
1.785099999999999,0.4531406741573045,0.33819932584269696,0.808769101123595,42.042540898876425,48.71635853932571,108.14889595505622,G13
1.795099999999999,0.4367770588235314,0.332901176470589,0.8122588235294116,41.76111294117649,50.027842941176374,107.3524923529413,G13
1.805099999999999,0.41390793103448625,0.3252154482758623,0.8138311724137929,41.48850096551722,50.91255648275902,105.99137303448299,G13
1.815099999999999,0.3763562068965551,0.322601655172414,0.8166104827586205,41.678025103448256,46.62721855172452,103.48544889655196,G13
1.825099999999999,0.3575940983606562,0.3263128688524583,0.8238869672131138,42.12489106557372,41.355774098361174,101.37267147541,G13
1.835099999999999,0.36045444444444286,0.33650896825396703,0.8297587301587303,42.69840960317456,35.585601507937,99.46056095238113,G13
1.845099999999999,0.3796200704225319,0.3498283098591539,0.8280254929577465,43.15342387323942,30.43123950704253,97.45963288732412,G13
1.855099999999999,0.41271161971830655,0.3596311267605624,0.8271663380281691,43.368459084507016,27.689598661972106,95.73938640845087,G13
1.865099999999999,0.4421458208955199,0.3698377611940289,0.8331872388059693,43.55303791044774,27.327102910447696,93.83821589552257,G13
1.875099999999999,0.4594023076923079,0.38026377622377533,0.8410827272727268,43.69775181818181,29.038060699300402,91.94053433566448,G13
1.885099999999999,0.45709461538461554,0.3907602797202789,0.8467190909090905,43.79384272727272,32.614634125873835,90.20028958041972,G13
1.8950999999999991,0.43302493670886283,0.3922405063291139,0.8559099999999992,43.74818746835443,36.18107822784781,88.8253935443039,G13
1.9050999999999991,0.41475972972972996,0.3926826819126819,0.8627366528066526,43.69157413721414,38.632555218295195,87.88173365904368,G13
1.9150999999999991,0.4114354054054057,0.39263174636174636,0.8643738669438668,43.63761571725572,38.92139409563408,87.71350912681913,G13
1.925099999999999,0.4081110810810814,0.3925808108108108,0.8660110810810808,43.5836572972973,39.210232972972946,87.5452845945946,G13
1.935099999999999,0.40478675675675707,0.39252987525987526,0.867648295218295,43.52969887733888,39.49907185031182,87.37706006237008,G13
1.945099999999999,0.40146243243243274,0.3924789397089397,0.8692855093555092,43.47574045738046,39.787910727650704,87.20883553014555,G13
1.955099999999999,0.3981381081081084,0.39242800415800416,0.8709227234927233,43.42178203742204,40.07674960498958,87.04061099792102,G13
1.965099999999999,0.3948137837837841,0.3923770686070686,0.8725599376299374,43.36782361746362,40.365588482328455,86.87238646569648,G13
1.975099999999999,0.3914894594594598,0.39232613305613306,0.8741971517671516,43.3138651975052,40.65442735966733,86.70416193347195,G13
1.985099999999999,0.38816513513513545,0.3922751975051975,0.8758343659043657,43.25990677754678,40.94326623700621,86.53593740124742,G13
1.995099999999999,0.3848408108108111,0.39222426195426197,0.8774715800415799,43.20594835758836,41.23210511434509,86.36771286902288,G13
2.005099999999999,0.382702292755788,0.3925186482449589,0.878868849887976,43.09807399551906,41.2949192382375,86.2647860716953,G13
2.015099999999999,0.3810249215832712,0.39294732636295737,0.8801728080657205,42.96923232262884,41.26983484690068,86.18725283793877,G13
2.0250999999999992,0.3793475504107544,0.3933760044809559,0.8814767662434652,42.84039064973862,41.24475045556386,86.10971960418223,G13
2.035099999999999,0.37767017923823765,0.3938046825989544,0.8827807244212097,42.711548976848405,41.21966606422704,86.0321863704257,G13
2.0450999999999993,0.3759928080657208,0.3942333607169529,0.8840846825989543,42.58270730395819,41.19458167289022,85.95465313666917,G13
2.055099999999999,0.374315436893204,0.39466203883495143,0.8853886407766989,42.45386563106798,41.169497281553404,85.87711990291263,G13
2.0650999999999993,0.3726380657206872,0.39509071695294995,0.8866925989544435,42.32502395817775,41.144412890216586,85.79958666915608,G13
2.075099999999999,0.37096069454817043,0.39551939507094847,0.8879965571321881,42.19618228528754,41.11932849887977,85.72205343539956,G13
2.0850999999999993,0.3692833233756536,0.395948073188947,0.8893005153099327,42.06734061239732,41.09424410754295,85.64452020164302,G13
2.095099999999999,0.36760595220313685,0.39637675130694544,0.8906044734876772,41.938498939507106,41.06915971620613,85.56698696788649,G13
2.1050999999999993,0.36592858103062,0.39680542942494396,0.8919084316654219,41.80965726661689,41.04407532486931,85.48945373412995,G13
2.115099999999999,0.3642512098581032,0.39723410754294247,0.8932123898431664,41.68081559372667,41.01899093353249,85.41192050037341,G13
2.1250999999999993,0.3625738386855864,0.397662785660941,0.8945163480209111,41.55197392083645,40.993906542195674,85.33438726661687,G13
2.135099999999999,0.36022031578947405,0.4007688947368413,0.896428631578947,41.05464194736854,40.727842315789545,85.14720426315793,G13
2.1450999999999993,0.3564940000000002,0.40931099999999954,0.8995759999999998,39.80916300000007,39.97251600000005,84.73739900000002,G13
2.155099999999999,0.35000047904191695,0.4193992215568853,0.9036950898203588,38.521371497006086,39.17639245508988,84.36229365269463,G13
2.1650999999999994,0.3398388023952102,0.4315369461077837,0.9091022754491015,37.17749125748511,38.3261888622755,84.03318586826349,G13
2.175099999999999,0.33293641791044826,0.43697671641791014,0.9128246268656713,36.2271829850747,37.70217761194035,83.75937059701495,G13
2.185099999999999,0.32706328358209025,0.44030134328358167,0.916014925373134,35.40116059701502,37.149595522388125,83.50301611940301,G13
2.195099999999999,0.32074747252747365,0.44297890109890153,0.9192234065934063,34.53049120879134,36.584849010989075,83.23697131868136,G13
2.205099999999999,0.3093408791208803,0.4382151648351653,0.9226409890109887,33.14638131868146,35.880211648351725,82.85948780219785,G13
2.215099999999999,0.2946750000000018,0.4303366666666679,0.9277949999999993,31.73791500000011,35.31297833333335,82.48345833333336,G13
2.225099999999999,0.2707326923076947,0.41359307692307856,0.9378911538461528,30.260126538461687,35.1368180769231,82.11156730769234,G13
2.235099999999999,0.24615103092783705,0.39593030927835193,0.947966907216494,29.15023123711348,35.29330247422678,81.52073453608253,G13
2.245099999999999,0.22129536082474488,0.37787360824742455,0.9580339175257722,28.19800443298979,35.592348865979346,80.83606958762894,G13
2.255099999999999,0.19277181818182046,0.3684042424242429,0.9619930303030302,26.905855757575868,35.95419818181815,79.0807245454547,G13
2.265099999999999,0.17142942857142965,0.3684197142857134,0.9615585714285718,25.488769428571572,36.100764571428584,76.64645114285743,G13
2.2750999999999992,0.16071972222222317,0.37719138888888776,0.9579944444444448,24.059796111111222,35.92621000000006,73.7705686111114,G13
2.285099999999999,0.15046277777777875,0.38922611111110994,0.9546055555555559,22.882948888889004,35.22646000000007,70.70653388888918,G13
2.2950999999999993,0.14331846153846184,0.40266153846153757,0.9484592307692312,21.749851538461606,33.7909553846155,67.62067076923095,G13
2.305099999999999,0.13998617647058817,0.41686705882352826,0.9445663235294113,20.603277941176575,31.671533823529625,64.62527852941199,G13
2.3150999999999993,0.14070676470588228,0.430690588235293,0.9502207352941171,19.35720441176481,29.100813235294325,61.87494029411786,G13
2.325099999999999,0.13389709677419429,0.4280935483870971,0.9630529032258051,18.20610209677431,26.249937419355128,58.61979887096807,G13
2.335099999999999,0.12955563699825517,0.42514371727748723,0.9680240314136124,17.76094218150089,25.269943507853423,57.53567184991275,G13
2.345099999999999,0.1264779755671905,0.42249188481675415,0.969429790575916,17.61573101221642,25.099419947643995,57.395788778359524,G13
2.355099999999999,0.12340031413612601,0.41984005235602123,0.9708355497382197,17.470519842931953,24.928896387434573,57.255905706806296,G13
2.365099999999999,0.12032265270506136,0.4171882198952882,0.9722413089005234,17.325308673647484,24.758372827225145,57.11602263525307,G13
2.375099999999999,0.11724499127399685,0.4145363874345553,0.9736470680628271,17.18009750436302,24.587849267015724,56.97613956369984,G13
2.385099999999999,0.1141673298429322,0.4118845549738222,0.9750528272251308,17.034886335078546,24.4173257068063,56.83625649214661,G13
2.395099999999999,0.11108966841186768,0.4092327225130893,0.9764585863874344,16.88967516579408,24.246802146596877,56.69637342059338,G13
2.405099999999999,0.10801200698080304,0.40658089005235626,0.9778643455497381,16.744463996509612,24.07627858638745,56.556490349040146,G13
2.415099999999999,0.10493434554973852,0.40392905759162334,0.9792701047120417,16.599252827225147,23.905755026178028,56.416607277486925,G13
2.425099999999999,0.10185668411867388,0.40127722513089026,0.9806758638743455,16.454041657940675,23.7352314659686,56.27672420593369,G13
2.435099999999999,0.09877902268760937,0.39862539267015734,0.982081623036649,16.30883048865621,23.564707905759178,56.13684113438047,G13
2.445099999999999,0.09622267319804065,0.39606466759972025,0.9835990972708186,16.156162148355506,23.43049474457663,55.99411953114067,G13
2.455099999999999,0.09531714485654312,0.39379244926522067,0.98547033589923,15.979879433170066,23.41126451364591,55.842409244226744,G13
2.465099999999999,0.09441161651504555,0.39152023093072097,0.9873415745276416,15.803596717984616,23.392034282715187,55.69069895731282,G13
2.475099999999999,0.09350608817354802,0.3892480125962214,0.989212813156053,15.627314002799176,23.372804051784467,55.53898867039889,G13
2.4850999999999988,0.09260055983205048,0.38697579426172174,0.9910840517844645,15.451031287613736,23.353573820853747,55.38727838348497,G13
2.495099999999999,0.09169503149055291,0.38470357592722204,0.9929552904128759,15.274748572428287,23.334343589923026,55.23556809657104,G13
2.5050999999999988,0.09078950314905539,0.38243135759272245,0.9948265290412873,15.098465857242847,23.315113358992306,55.08385780965712,G13
2.515099999999999,0.08988397480755782,0.38015913925822276,0.9966977676696989,14.9221831420574,23.295883128061583,54.932147522743186,G13
2.525099999999999,0.08897844646606028,0.37788692092372317,0.9985690062981103,14.745900426871957,23.276652897130862,54.78043723582927,G13
2.535099999999999,0.08807291812456271,0.37561470258922347,1.000440244926522,14.56961771168651,23.257422666200142,54.628726948915336,G13
2.545099999999999,0.08716738978306518,0.3733424842547238,1.0023114835549334,14.393334996501068,23.238192435269422,54.47701666200141,G13
2.555099999999999,0.08626186144156761,0.37107026592022413,1.0041827221833448,14.21705228131562,23.2189622043387,54.325306375087486,G13
2.565099999999999,0.08535633310007008,0.36879804758572454,1.0060539608117562,14.04076956613018,23.199731973407978,54.17359608817356,G13
2.575099999999999,0.0844508047585725,0.36652582925122484,1.0079251994401677,13.864486850944731,23.180501742477258,54.02188580125963,G13
2.585099999999999,0.08354527641707497,0.36425361091672526,1.009796438068579,13.68820413575929,23.161271511546538,53.87017551434571,G13
2.595099999999999,0.09095555555555486,0.35125111111111235,1.0192455555555546,12.46649555555567,24.135709999999907,52.04749555555572,G13
2.605099999999999,0.09683652173913047,0.341322608695652,1.0296169565217377,11.214733043478393,25.51078652173885,49.97411217391333,G13
2.615099999999999,0.09648869565217394,0.3429168115942028,1.0416459420289848,10.042037391304437,27.98893869565199,47.38532956521759,G13
2.625099999999999,0.09366080882352973,0.3464219117647055,1.0435260294117648,9.564099117647094,29.44128985294105,45.589245220588396,G13
2.635099999999999,0.09042919117647084,0.3502380882352938,1.0437539705882353,9.19926088235297,30.72665014705872,43.92220477941189,G13
2.645099999999999,0.08633400000000098,0.3543823999999994,1.0441032999999997,8.79252250000007,31.9645790999999,42.19145040000022,G13
2.6550999999999987,0.0769340000000012,0.3605423999999992,1.0451982999999998,8.128397500000084,32.91114409999988,40.06931040000027,G13
2.665099999999999,0.06879525641025644,0.3669357692307684,1.0469180769230764,7.385983333333462,33.65805371794877,37.94284192307715,G13
2.6750999999999987,0.06840423076923081,0.37476269230769127,1.0524757692307685,6.162650000000159,33.17850884615391,35.78978423076951,G13
2.685099999999999,0.06855834586466159,0.3801781203007515,1.0559830827067667,4.6102269924814046,31.512368872180733,33.74700360902278,G13
2.6950999999999987,0.06797555555555612,0.3794503703703723,1.057092592592593,2.8204725925928424,28.83517000000044,31.867685925926153,G13
2.705099999999999,0.06399777777777826,0.36553185185185355,1.055462962962963,1.0336429629631807,25.702570000000378,30.239189629629827,G13
2.7150999999999987,0.08522834645668995,0.3329943307086657,1.0670637795275575,-1.005949448818643,23.052350157480635,28.25870141732308,G13
2.725099999999999,0.11374947368420754,0.31083118421052774,1.077719210526315,-3.0998382236840083,21.838489210526355,26.410404802631746,G13
2.7350999999999988,0.1451039726027356,0.2979686301369859,1.085130821917809,-5.174945547944982,21.767335890410635,24.59730006849344,G13
2.745099999999999,0.17804917808218806,0.3012289041095887,1.0777746575342473,-6.973541438355961,24.371116712328476,22.254937054794787,G13
2.7550999999999988,0.18940185185185188,0.30524925925925867,1.0727877777777783,-8.073505555555453,28.97257185185105,19.597396296296697,G13
2.765099999999999,0.18384287671233085,0.3114095890410947,1.0704406849315067,-8.6742636986301,34.427267534246,16.69601520547981,G13
2.775099999999999,0.1659524657534268,0.321608219178081,1.071276301369863,-8.987976027397222,39.36295931506791,13.621665890411323,G13
2.785099999999999,0.1605209306930696,0.32447837623762366,1.0711663168316832,-9.111814712871277,40.38757308910888,12.775511227722811,G13
2.795099999999999,0.15746251485148552,0.3259526336633662,1.070876217821782,-9.199486990098999,40.66721962376234,12.353774594059454,G13
2.805099999999999,0.1544040990099013,0.3274268910891088,1.0705861188118813,-9.287159267326723,40.946866158415816,11.932037960396078,G13
2.815099999999999,0.15134568316831717,0.32890114851485136,1.0702960198019802,-9.374831544554445,41.226512693069274,11.510301326732721,G13
2.8250999999999986,0.14828726732673309,0.3303754059405939,1.0700059207920793,-9.462503821782166,41.50615922772273,11.088564693069362,G13
2.835099999999999,0.14522885148514886,0.3318496633663365,1.0697158217821783,-9.55017609900989,41.78580576237621,10.666828059405987,G13
2.8450999999999986,0.14217043564356477,0.333323920792079,1.0694257227722774,-9.637848376237612,42.065452297029665,10.245091425742629,G13
2.855099999999999,0.13911201980198054,0.3347981782178216,1.0691356237623764,-9.725520653465336,42.34509883168314,9.823354792079252,G13
2.8650999999999986,0.13605360396039645,0.3362724356435642,1.0688455247524753,-9.813192930693058,42.6247453663366,9.401618158415895,G13
2.875099999999999,0.13299518811881222,0.33774669306930677,1.0685554257425744,-9.900865207920782,42.90439190099007,8.979881524752518,G13
2.8850999999999987,0.1311514075630254,0.3379640441176471,1.068830955882353,-9.968162605042009,42.94268455882354,8.764017069327748,G13
2.895099999999999,0.12973439075630266,0.3377397794117647,1.0693052205882354,-10.028301260504195,42.89617720588236,8.620486081932787,G13
2.9050999999999987,0.12831737394958,0.33751551470588237,1.0697794852941176,-10.08843991596638,42.84966985294118,8.476955094537832,G13
2.915099999999999,0.1269003571428573,0.33729125,1.07025375,-10.148578571428565,42.803162500000006,8.333424107142871,G13
2.9250999999999987,0.12548334033613462,0.33706698529411766,1.0707280147058824,-10.20871722689075,42.75665514705883,8.189893119747916,G13
2.935099999999999,0.12406632352941191,0.3368427205882353,1.0712022794117648,-10.268855882352936,42.71014779411765,8.046362132352955,G13
2.9450999999999987,0.12264930672268926,0.33661845588235295,1.071676544117647,-10.328994537815118,42.663640441176476,7.902831144958,G13
2.955099999999999,0.12123228991596652,0.33639419117647057,1.0721508088235294,-10.389133193277305,42.6171330882353,7.759300157563039,G13
2.9650999999999987,0.11981527310924386,0.33616992647058824,1.0726250735294118,-10.449271848739489,42.57062573529412,7.615769170168083,G13
2.9750999999999985,0.11839825630252121,0.3359456617647059,1.073099338235294,-10.509410504201673,42.524118382352945,7.472238182773129,G13
2.9850999999999988,0.11698123949579847,0.33572139705882353,1.0735736029411764,-10.56954915966386,42.47761102941177,7.3287071953781675,G13
2.9950999999999985,0.11556422268907582,0.3354971323529412,1.0740478676470588,-10.629687815126042,42.43110367647059,7.185176207983212,G13
3.0050999999999988,0.1141472058823531,0.3352728676470588,1.074522132352941,-10.689826470588228,42.384596323529415,7.041645220588251,G13
3.0150999999999986,0.11273018907563043,0.3350486029411765,1.0749963970588234,-10.749965126050412,42.33808897058824,6.898114233193295,G13
3.025099999999999,0.11131317226890772,0.3348243382352941,1.0754706617647058,-10.810103781512598,42.29158161764706,6.754583245798335,G13
3.0350999999999986,0.10989615546218505,0.3346000735294118,1.0759449264705883,-10.870242436974783,42.245074264705885,6.6110522584033795,G13
3.045099999999999,0.10847913865546233,0.3343758088235294,1.0764191911764704,-10.930381092436969,42.19856691176471,6.467521271008419,G13
3.0550999999999986,0.10706212184873967,0.3341515441176471,1.0768934558823529,-10.990519747899151,42.15205955882354,6.323990283613464,G13
3.065099999999999,0.10564510504201695,0.3339272794117647,1.0773677205882353,-11.05065840336134,42.105552205882354,6.180459296218502,G13
3.0750999999999986,0.09828588235294251,0.3179782352941207,1.085452941176469,-11.45217647058816,41.060619411764904,5.420744117647199,G13
3.085099999999999,0.08838000000000132,0.29529000000000305,1.0967999999999984,-11.999999999999927,39.5877900000002,4.396950000000137,G13
3.0950999999999986,0.09943882352941012,0.2810017647058845,1.1120235294117624,-12.781317647058707,38.19577823529433,3.319267647058984,G13
3.105099999999999,0.11613957446808146,0.27611489361701924,1.127588510638296,-13.770014468084925,37.17589340425534,2.1588474468086756,G13
3.1150999999999986,0.14600482269503118,0.2931645390070898,1.143950212765955,-15.242596028368583,37.02430475177307,0.8053722695037402,G13
3.1250999999999984,0.15312554179566495,0.305064210526314,1.1487093188854485,-16.10710687306489,38.063522693498264,-0.1596179566562015,G13
3.1350999999999987,0.1574351393188849,0.3163273684210512,1.1520343962848294,-16.896462910216616,39.24991897832802,-1.0765931888543714,G13
3.1450999999999985,0.16174473684210464,0.3275905263157879,1.15535947368421,-17.685818947368308,40.436315263157724,-1.9935684210525009,G13
3.1550999999999987,0.14823864516129326,0.33734722580645043,1.1607523225806444,-18.9358286451611,43.34252496774144,-4.086577806451263,G13
3.1650999999999985,0.12222474820144773,0.34592877697841634,1.1681618705035948,-20.49755467625863,46.92295294963997,-6.849800287769233,G13
3.1750999999999987,0.0692679136690725,0.351281294964028,1.1832697841726596,-22.661324460431338,48.79016158273354,-10.13389381294916,G13
3.1850999999999985,0.02406775510204778,0.3540387755102038,1.196110612244896,-25.54043061224438,46.68079224489856,-13.020097959183223,G13
3.1950999999999987,-0.006324000000000664,0.35312800000000116,1.2061299999999993,-29.14809399999934,41.3068700000014,-15.642745999999693,G13
3.2050999999999985,-0.0013400000000006636,0.34424000000000116,1.2103299999999992,-34.10686999999934,30.778630000001403,-17.938929999999694,G13
3.2150999999999987,0.03746597014924858,0.3318519402985091,1.2148822388059695,-38.94907149253667,19.886525522389505,-19.15802701492521,G13
3.2250999999999985,0.08279692307691561,0.32440890109890186,1.2173148351648349,-42.4279825274721,12.927778131868887,-20.048655604395496,G13
3.2350999999999988,0.13148923076922503,0.3195132967032973,1.2186554945054942,-45.20459241758209,7.995305604396183,-20.770073186813104,G13
3.2450999999999985,0.1738498969072107,0.32327206185566937,1.2172852577319588,-47.037062577319354,6.935075773195921,-21.25568886597932,G13
3.2550999999999988,0.21500453608246922,0.3286792783505148,1.2153986597938147,-48.68969659793794,6.612415979381482,-21.696389896907164,G13
3.2650999999999986,0.22073377118644044,0.3299032627118643,1.215497288135593,-48.98984177966099,6.9721800847457,-21.798682245762702,G13
3.275099999999999,0.22252685028248567,0.33066244350282475,1.215816497175141,-49.13971042372879,7.407769067796558,-21.863373629943496,G13
3.2850999999999986,0.22431992937853082,0.3314216242937852,1.2161357062146891,-49.28957906779659,7.843358050847396,-21.928065014124282,G13
3.2950999999999984,0.226113008474576,0.3321808050847456,1.2164549152542372,-49.43944771186438,8.278947033898234,-21.992756398305072,G13
3.3050999999999986,0.22790608757062122,0.3329399858757061,1.2167741242937853,-49.58931635593218,8.714536016949092,-22.057447782485866,G13
3.3150999999999984,0.2296991666666664,0.33369916666666655,1.2170933333333331,-49.73918499999998,9.15012499999993,-22.122139166666656,G13
3.3250999999999986,0.23149224576271163,0.33445834745762704,1.2174125423728812,-49.88905364406777,9.585713983050788,-22.18683055084745,G13
3.3350999999999984,0.23328532485875678,0.33521752824858747,1.2177317514124293,-50.038922288135566,10.021302966101626,-22.25152193502824,G13
3.3450999999999986,0.23507840395480203,0.3359767090395479,1.2180509604519774,-50.18879093220337,10.456891949152483,-22.31621331920903,G13
3.3550999999999984,0.23687148305084718,0.33673588983050834,1.2183701694915254,-50.33865957627116,10.892480932203323,-22.38090470338982,G13
3.3650999999999986,0.2386645621468924,0.33749507062146883,1.2186893785310733,-50.488528220338964,11.32806991525418,-22.445596087570614,G13
3.3750999999999984,0.2404576412429376,0.33825425141242926,1.2190085875706214,-50.63839686440676,11.763658898305017,-22.510287471751404,G13
3.3850999999999987,0.24225072033898282,0.33901343220338975,1.2193277966101694,-50.78826550847456,12.199247881355877,-22.574978855932198,G13
3.3950999999999985,0.244043799435028,0.3397726129943502,1.2196470056497175,-50.938134152542354,12.634836864406715,-22.639670240112988,G13
3.4050999999999987,0.24329319060773502,0.3400507458563536,1.2186818370165748,-51.06994700276241,13.191260055248543,-22.718908080110488,G13
3.4150999999999985,0.24164885359116048,0.34015986187845304,1.2172654005524863,-51.195415925414345,13.790138508287203,-22.803256837016562,G13
3.4250999999999987,0.24000451657458585,0.3402689779005525,1.215848964088398,-51.320884848066285,14.389016961325892,-22.887605593922643,G13
3.4350999999999985,0.2383601795580113,0.3403780939226519,1.2144325276243095,-51.44635377071821,14.987895414364553,-22.971954350828717,G13
3.4450999999999987,0.23671584254143668,0.34048720994475135,1.2130160911602212,-51.57182269337015,15.586773867403242,-23.056303107734795,G13
3.4550999999999985,0.2350715055248621,0.3405963259668508,1.2115996546961327,-51.69729161602208,16.185652320441903,-23.140651864640873,G13
3.4650999999999983,0.23342716850828757,0.34070544198895025,1.2101832182320444,-51.82276053867401,16.78453077348056,-23.225000621546947,G13
3.4750999999999985,0.23178283149171294,0.3408145580110497,1.208766781767956,-51.948229461325944,17.38340922651925,-23.309349378453028,G13
3.4850999999999983,0.2301384944751384,0.34092367403314916,1.2073503453038676,-52.07369838397788,17.982287679557913,-23.393698135359102,G13
3.4950999999999985,0.22849415745856377,0.3410327900552486,1.2059339088397791,-52.19916730662982,18.5811661325966,-23.47804689226518,G13
3.5050999999999983,0.22684982044198923,0.34114190607734807,1.2045174723756908,-52.324636229281744,19.18004458563526,-23.562395649171258,G13
3.5150999999999986,0.2252054834254146,0.3412510220994475,1.2031010359116023,-52.450105151933684,19.77892303867395,-23.646744406077335,G13
3.5250999999999983,0.22356114640884006,0.341360138121547,1.201684599447514,-52.57557407458561,20.37780149171261,-23.73109316298341,G13
3.5350999999999986,0.22191680939226544,0.34146925414364643,1.2002681629834255,-52.70104299723755,20.976679944751297,-23.81544191988949,G13
3.5450999999999984,0.21894200000000108,0.34279599999999927,1.192580000000004,-53.322135999999674,22.726719999999197,-24.287019999999746,G13
3.5550999999999986,0.2121804615384624,0.34758830769230703,1.1670415384615418,-55.35385138461512,27.753143076922427,-25.860712307692108,G13
3.5650999999999984,0.21069000000000018,0.3503199999999996,1.1565960000000015,-56.74809599999979,29.40152799999977,-26.845799999999855,G13
3.5750999999999986,0.20941916666666682,0.352965833333333,1.1467793333333347,-58.11577933333316,30.909161333333138,-27.806362499999874,G13
3.5850999999999984,0.2122316666666657,0.34548888888889134,1.1385166666666677,-59.70314055555528,32.28498777777758,-29.060221111110874,G13
3.5950999999999986,0.2185568041237101,0.3302588659793835,1.13276824742268,-61.32368154639167,33.37624927835055,-30.406702783505104,G13
3.6050999999999984,0.2271135051546377,0.3164994158075625,1.1365036426116832,-61.921777766322926,33.14015993127152,-30.742475979381382,G13
3.615099999999998,0.23567020618556533,0.30273996563574157,1.1402390378006866,-62.519873986254176,32.90407058419249,-31.078249175257664,G13
3.6250999999999984,0.238453034482762,0.28711386206896955,1.1487759999999951,-63.06091399999994,32.50529344827604,-31.35677620689654,G13
3.635099999999998,0.21951510344827957,0.26446558620690097,1.1753759999999946,-63.38731399999993,31.494500344827784,-31.419948620689645,G13
3.6450999999999985,0.1736664516129125,0.25491741935483964,1.2093712903225744,-63.09135612903234,30.980547096774252,-31.55675903225804,G13
3.6550999999999982,0.1372230075188005,0.25842706766917084,1.2333002255639076,-63.54141082706744,29.75859578947404,-32.31407060150353,G13
3.6650999999999985,0.11743822695035715,0.27129666666666435,1.2418805673758875,-65.38834113475124,27.38563397163172,-33.71144283687919,G13
3.6750999999999983,0.09821836879432919,0.28896333333333063,1.2338309219858168,-69.481241843971,23.509286453901304,-35.48719460992881,G13
3.6850999999999985,0.07459400000000334,0.30871577777777504,1.2119591111111145,-74.91568711111033,20.310094000000404,-38.012552444444076,G13
3.6950999999999983,0.04668213235294652,0.31934566176470625,1.1839526470588286,-81.3087074264694,16.341154485294993,-41.06892632352883,G13
3.7050999999999985,0.017776100628928947,0.31571779874214195,1.154273899371071,-88.405016163521,11.088579371070058,-44.523113522012075,G13
3.7150999999999983,0.029291823899369095,0.2936863522012616,1.141758176100631,-94.62710421383541,5.701856100629853,-47.634163836477455,G13
3.7250999999999985,0.037015162019592554,0.2811303767897516,1.1347689148455165,-98.14644217784468,2.6848337905049626,-49.35683575734737,G13
3.7350999999999983,0.04063008289374469,0.2788394951017336,1.1337666541070086,-98.73780088168792,2.234987520723511,-49.57543108515445,G13
3.7450999999999985,0.04424500376789699,0.27654861341371545,1.1327643933685005,-99.32915958553119,1.7851412509420397,-49.794026412961536,G13
3.7550999999999983,0.04785992464204913,0.27425773172569745,1.1317621326299927,-99.92051828937443,1.335294981160588,-50.012621740768616,G13
3.765099999999998,0.05147484551620127,0.2719668500376794,1.1307598718914849,-100.51187699321767,0.8854487113791367,-50.231217068575695,G13
3.7750999999999983,0.05508976639035357,0.2696759683496613,1.1297576111529768,-101.10323569706094,0.43560244159766537,-50.44981239638278,G13
3.785099999999998,0.05870468726450571,0.26738508666164323,1.128755350414469,-101.69459440090418,-0.014243828183786,-50.66840772418986,G13
3.7950999999999984,0.06231960813865801,0.2650942049736251,1.127753089675961,-102.28595310474745,-0.4640900979652578,-50.88700305199695,G13
3.805099999999998,0.06593452901281015,0.26280332328560707,1.126750828937453,-102.87731180859069,-0.9139363677467092,-51.10559837980403,G13
3.8150999999999984,0.06954944988696245,0.26051244159758896,1.1257485681989452,-103.46867051243396,-1.36378263752818,-51.324193707611116,G13
3.825099999999998,0.0731643707611146,0.2582215599095709,1.1247463074604374,-104.0600292162772,-1.8136289073096323,-51.542789035418195,G13
3.8350999999999984,0.0767792916352669,0.2559306782215528,1.1237440467219293,-104.65138792012047,-2.2634751770911032,-51.76138436322528,G13
3.845099999999998,0.08039421250941903,0.25363979653353474,1.1227417859834214,-105.24274662396371,-2.7133214468725546,-51.97997969103236,G13
3.8550999999999984,0.0866090948275834,0.2504821982758632,1.1191982758620713,-106.15905116379272,-2.934652112069078,-52.1402329310345,G13
3.865099999999998,0.1026047844827557,0.2440640948275874,1.1060948275862093,-108.29777099137893,-2.296328836207013,-52.08100879310346,G13
3.8750999999999984,0.11860047413792871,0.23764599137931128,1.0929913793103467,-110.43649081896521,-1.6580055603449202,-52.021784655172425,G13
3.885099999999998,0.12198923497267729,0.23607593806921692,1.089445774134791,-110.79467537340618,-1.1876639404979485,-51.96659451123256,G13
3.8950999999999985,0.12381983606557351,0.23510508196721328,1.0870814754098364,-110.93279377049178,-0.7380840983607185,-51.91190295081968,G13
3.9050999999999982,0.12565043715846966,0.23413422586520963,1.084717176684882,-111.07091216757739,-0.2885042562235085,-51.85721139040681,G13
3.9150999999999985,0.12748103825136586,0.23316336976320598,1.0823528779599274,-111.20903056466301,0.16107558591372162,-51.80251982999393,G13
3.9250999999999983,0.129311639344262,0.23219251366120236,1.079988579234973,-111.34714896174862,0.6106554280509315,-51.74782826958106,G13
3.935099999999998,0.13114224043715814,0.2312216575591987,1.0776242805100187,-111.48526735883422,1.0602352701881417,-51.69313670916819,G13
3.9450999999999983,0.13297284153005437,0.23025080145719506,1.075259981785064,-111.62338575591984,1.5098151123253718,-51.63844514875532,G13
3.955099999999998,0.1348034426229505,0.22927994535519144,1.0728956830601097,-111.76150415300545,1.959394954462582,-51.583753588342454,G13
3.9650999999999983,0.13663404371584673,0.22830908925318777,1.0705313843351552,-111.89962255009105,2.4089747965998116,-51.52906202792958,G13
3.975099999999998,0.13846464480874285,0.22733823315118415,1.0681670856102008,-112.03774094717667,2.858554638737022,-51.47437046751671,G13
3.9850999999999983,0.14029524590163908,0.22636737704918047,1.0658027868852462,-112.17585934426228,3.3081344808742514,-51.41967890710384,G13
3.995099999999998,0.14212584699453523,0.22539652094717685,1.0634384881602919,-112.31397774134788,3.757714323011462,-51.36498734669096,G13
4.005099999999998,0.14395644808743135,0.22442566484517323,1.0610741894353375,-112.45209613843349,4.207294165148672,-51.31029578627809,G13
4.015099999999998,0.1457870491803275,0.22345480874316961,1.0587098907103831,-112.5902145355191,4.656874007285882,-51.25560422586522,G13
4.025099999999998,0.1476176502732238,0.2224839526411659,1.0563455919854283,-112.72833293260472,5.106453849423132,-51.20091266545234,G13
4.035099999999998,0.14944825136611994,0.22151309653916226,1.053981293260474,-112.86645132969034,5.556033691560342,-51.14622110503947,G13
4.045099999999998,0.145483548387099,0.21747619354838865,1.0393136129032319,-113.0417103225806,9.055992580643716,-50.94488774193556,G13
4.055099999999998,0.13351580645161562,0.2092052258064535,1.0076555483871041,-113.26825870967737,16.7683796774176,-50.54104903225815,G13
