time,ax_g,ay_g,az_g,gx_dps,gy_dps,gz_dps,label
0.0,0.69568,0.36084,-0.85547,36.90076,-25.9542,93.51145,G10
0.01,0.6908658567543065,0.3624555938349955,-0.8569414415231187,37.041944043517674,-25.724431187669992,93.46715716228468,G10
0.02,0.6860517135086128,0.3640711876699909,-0.8584128830462375,37.18312808703536,-25.49466237533998,93.42286432456936,G10
0.03,0.6812375702629193,0.3656867815049864,-0.8598843245693563,37.32431213055303,-25.264893563009974,93.37857148685403,G10
0.04,0.6764234270172258,0.3673023753399819,-0.861355766092475,37.465496174070715,-25.035124750679962,93.33427864913871,G10
0.05,0.6716092837715322,0.3689179691749773,-0.8628272076155938,37.60668021758839,-24.805355938349955,93.28998581142339,G10
0.06,0.6667951405258387,0.3705335630099728,-0.8642986491387126,37.74786426110607,-24.575587126019947,93.24569297370807,G10
0.07,0.661980997280145,0.37214915684496824,-0.8657700906618314,37.88904830462375,-24.345818313689936,93.20140013599276,G10
0.08,0.6571668540344515,0.37376475067996373,-0.8672415321849501,38.03023234814143,-24.116049501359928,93.15710729827742,G10
0.09,0.652352710788758,0.3753803445149592,-0.8687129737080689,38.17141639165911,-23.88628068902992,93.1128144605621,G10
0.1,0.6475385675430644,0.37699593834995465,-0.8701844152311877,38.31260043517679,-23.65651187669991,93.06852162284679,G10
0.11,0.6427244242973709,0.37861153218495014,-0.8716558567543065,38.453784478694466,-23.4267430643699,93.02422878513147,G10
0.12,0.6189542574257427,0.37620138613861387,-0.8947975247524751,39.12516391089108,-24.43889262376237,92.9569207920792,G10
0.13,0.5945978217821783,0.37366673267326733,-0.9186094059405939,39.81294113861386,-25.489452029702964,92.888900990099,G10
0.14,0.5892866176470589,0.3584145098039216,-0.9427071078431372,41.20528514705882,-27.738882941176463,92.60111004901961,G10
0.15,0.5849777941176472,0.3424929411764706,-0.9668198529411763,42.63471161764705,-30.051412352941167,92.30175220588235,G10
0.16,0.57731,0.3272807103825137,-0.9803426229508196,44.782799180327864,-32.65098021857923,91.72819836065574,G10
0.17,0.569766923076923,0.31166000000000005,-0.9918576923076924,47.017031153846155,-35.231941538461534,91.11333653846154,G10
0.18,0.5674784615384615,0.2905350000000001,-0.9923288461538462,49.424545576923066,-37.27246076923076,90.33529326923077,G10
0.19,0.56519,0.2694100000000001,-0.9928,51.832059999999984,-39.31297999999999,89.55725,G10
0.2,0.5810429411764705,0.24858647058823535,-0.9844813725490197,54.541236470588224,-39.91169078431373,87.9856274509804,G10
0.21,0.5968958823529411,0.22776294117647067,-0.9761627450980392,57.250412941176464,-40.51040156862745,86.4140049019608,G10
0.22,0.6107797297297297,0.22402405405405407,-0.9670127027027027,59.511039459459454,-38.190631081081094,84.7138427027027,G10
0.23,0.6245815315315315,0.22099702702702703,-0.957828018018018,61.75297639639639,-35.749257207207215,83.0083246846847,G10
0.24,0.6288540336134454,0.22385403361344536,-0.9522157142857143,63.598565630252104,-32.24735134453782,81.56328445378152,G10
0.25,0.6297784033613445,0.22877840336134453,-0.9478585714285713,65.30489756302522,-28.372826134453774,80.20976344537814,G10
0.26,0.6240310138248847,0.2336520276497696,-0.9435918433179723,66.96176511520738,-24.60899838709676,78.95092585253455,G10
0.27,0.6064227188940092,0.23843543778801846,-0.9394858525345622,68.53069599078341,-21.04196612903225,77.86041433179723,G10
0.28,0.5916862296004503,0.24227343275182892,-0.9362474620146314,69.82879088351153,-18.11414554867755,76.9597966347777,G10
0.29,0.589192701181767,0.24208097355092853,-0.9367077884074282,69.97226921778278,-17.911385278559372,76.86872629150253,G10
0.3,0.5866991727630839,0.24188851435002814,-0.9371681148002251,70.11574755205402,-17.708625008441196,76.77765594822735,G10
0.31,0.5842056443444007,0.24169605514912773,-0.9376284411930219,70.25922588632527,-17.505864738323016,76.68658560495216,G10
0.32,0.5817121159257175,0.24150359594822735,-0.9380887675858188,70.4027042205965,-17.30310446820484,76.59551526167698,G10
0.33,0.5792185875070344,0.24131113674732696,-0.9385490939786156,70.54618255486776,-17.100344198086663,76.50444491840179,G10
0.34,0.5767250590883511,0.24111867754642655,-0.9390094203714124,70.68966088913899,-16.897583927968487,76.41337457512661,G10
0.35000000000000003,0.5742315306696679,0.24092621834552616,-0.9394697467642094,70.83313922341024,-16.69482365785031,76.32230423185143,G10
0.36,0.5717380022509848,0.24073375914462578,-0.9399300731570062,70.97661755768148,-16.492063387732134,76.23123388857624,G10
0.37,0.5692444738323016,0.24054129994372536,-0.940390399549803,71.12009589195273,-16.289303117613958,76.14016354530106,G10
0.38,0.5667509454136185,0.24034884074282498,-0.9408507259425999,71.26357422622398,-16.086542847495778,76.04909320202589,G10
0.39,0.5642574169949353,0.2401563815419246,-0.9413110523353967,71.40705256049522,-15.883782577377604,75.9580228587507,G10
0.4,0.561763888576252,0.23996392234102418,-0.9417713787281936,71.55053089476647,-15.681022307259425,75.86695251547552,G10
0.41000000000000003,0.5592703601575689,0.2397714631401238,-0.9422317051209904,71.6940092290377,-15.47826203714125,75.77588217220033,G10
0.42,0.5567768317388857,0.2395790039392234,-0.9426920315137872,71.83748756330895,-15.275501767023073,75.68481182892515,G10
0.43,0.5542833033202026,0.23938654473832302,-0.9431523579065841,71.98096589758019,-15.072741496904897,75.59374148564997,G10
0.44,0.5517897749015194,0.2391940855374226,-0.9436126842993809,72.12444423185144,-14.86998122678672,75.50267114237478,G10
0.45,0.5492962464828361,0.23900162633652222,-0.9440730106921777,72.26792256612268,-14.667220956668544,75.4116007990996,G10
0.46,0.5446532762836185,0.23580623471882636,-0.9475860146699266,72.63334097799512,-14.480637310513448,75.2662814180929,G10
0.47000000000000003,0.5370420293398532,0.22846393643031782,-0.9553146210268949,73.30524806845966,-14.316392811735941,75.0460466992665,G10
0.48,0.529430782396088,0.2211216381418093,-0.963043227383863,73.9771551589242,-14.152148312958436,74.8258119804401,G10
0.49,0.5218195354523227,0.21377933985330075,-0.9707718337408312,74.64906224938875,-13.98790381418093,74.60557726161369,G10
0.5,0.5140148024316109,0.20534635258358663,-0.977628085106383,75.48973531914893,-13.948302462006078,74.35388744680851,G10
0.51,0.5058172340425532,0.19469893617021275,-0.9827131914893616,76.67305446808511,-14.161764468085106,74.03833425531916,G10
0.52,0.4976196656534954,0.18405151975683887,-0.9877982978723404,77.85637361702128,-14.375226474164135,73.72278106382979,G10
0.53,0.48950826086956517,0.17352297658862872,-0.9927076923076923,79.04913966555185,-14.59934892976589,73.38921347826086,G10
0.54,0.48346478260869563,0.16584739130434778,-0.9934000000000001,80.46863130434784,-15.079322173913047,72.62330043478259,G10
0.55,0.47742130434782604,0.15817180602006684,-0.9940923076923077,81.88812294314381,-15.559295418060204,71.85738739130434,G10
0.56,0.4716611797752809,0.15062789325842693,-0.9947002808988764,83.29646514044944,-16.02599134831461,71.08045188202246,G10
0.5700000000000001,0.47128477528089885,0.14558575842696625,-0.9937058988764045,84.49296794943821,-16.240418314606742,70.0940895224719,G10
0.58,0.4709083707865168,0.14054362359550562,-0.9927115168539327,85.68947075842696,-16.454845280898876,69.10772716292135,G10
0.59,0.47053196629213484,0.13550148876404494,-0.9917171348314607,86.88597356741573,-16.66927224719101,68.12136480337078,G10
0.6,0.4703021293375394,0.13344009463722398,-0.9908421135646688,87.80533826498423,-16.563877839116717,67.27141313880126,G10
0.61,0.47022484227129335,0.13448110410094635,-0.9900913249211357,88.43625309148266,-16.12560812302839,66.56343995268138,G10
0.62,0.4701475552050473,0.13552211356466876,-0.9893405362776025,89.06716791798107,-15.68733840694006,65.8554667665615,G10
0.63,0.47007026813880126,0.13656312302839116,-0.9885897476340695,89.69808274447949,-15.249068690851733,65.14749358044163,G10
0.64,0.4699929810725552,0.13760413249211356,-0.9878389589905363,90.32899757097792,-14.810798974763404,64.43952039432176,G10
0.65,0.4699156940063091,0.13864514195583597,-0.9870881703470032,90.95991239747634,-14.372529258675076,63.73154720820189,G10
0.66,0.4698539023095301,0.1395090947703743,-0.9864242367932042,91.50980762675869,-13.97391975046456,63.11001224847359,G10
0.67,0.46987991770639764,0.13936972657286964,-0.9862524820812318,91.60059180514999,-13.800051420228296,62.97829390496416,G10
0.68,0.46990593310326517,0.139230358375365,-0.9860807273692594,91.69137598354128,-13.626183089992034,62.84657556145474,G10
0.6900000000000001,0.4699319485001327,0.13909099017786036,-0.985908972657287,91.78216016193257,-13.452314759755772,62.714857217945315,G10
0.7000000000000001,0.4699579638970003,0.1389516219803557,-0.9857372179453147,91.87294434032387,-13.27844642951951,62.58313887443589,G10
0.71,0.4699839792938678,0.13881225378285106,-0.9855654632333423,91.96372851871516,-13.10457809928325,62.45142053092647,G10
0.72,0.47000999469073534,0.13867288558534643,-0.9853937085213699,92.05451269710645,-12.930709769046988,62.31970218741704,G10
0.73,0.4700360100876029,0.13853351738784178,-0.9852219538093975,92.14529687549775,-12.756841438810724,62.18798384390762,G10
0.74,0.4700620254844704,0.13839414919033713,-0.9850501990974251,92.23608105388904,-12.582973108574462,62.0562655003982,G10
0.75,0.47008804088133793,0.13825478099283248,-0.9848784443854527,92.32686523228033,-12.4091047783382,61.92454715688877,G10
0.76,0.47011405627820546,0.13811541279532785,-0.9847066896734803,92.41764941067163,-12.235236448101938,61.792828813379344,G10
0.77,0.470140071675073,0.1379760445978232,-0.9845349349615079,92.50843358906292,-12.061368117865676,61.661110469869925,G10
0.78,0.4701660870719405,0.13783667640031855,-0.9843631802495355,92.5992177674542,-11.887499787629412,61.5293921263605,G10
0.79,0.47019210246880805,0.1376973082028139,-0.9841914255375631,92.6900019458455,-11.71363145739315,61.39767378285108,G10
0.8,0.47021811786567563,0.13755794000530927,-0.9840196708255907,92.7807861242368,-11.539763127156888,61.26595543934165,G10
0.81,0.47024413326254316,0.13741857180780462,-0.9838479161136183,92.87157030262809,-11.365894796920626,61.134237095832226,G10
0.8200000000000001,0.4702701486594107,0.13727920361029997,-0.9836761614016459,92.96235448101937,-11.192026466684364,61.00251875232281,G10
0.8300000000000001,0.4702961640562782,0.1371398354127953,-0.9835044066896735,93.05313865941068,-11.0181581364481,60.87080040881338,G10
0.84,0.47032217945314575,0.1370004672152907,-0.9833326519777011,93.14392283780197,-10.84428980621184,60.73908206530396,G10
0.85,0.4703481948500133,0.13686109901778604,-0.9831608972657288,93.23470701619325,-10.670421475975578,60.607363721794535,G10
0.86,0.4703742102468808,0.13672173082028138,-0.9829891425537564,93.32549119458456,-10.496553145739316,60.47564537828511,G10
0.87,0.47040022564374834,0.13658236262277676,-0.982817387841784,93.41627537297585,-10.322684815503054,60.34392703477569,G10
0.88,0.47042624104061587,0.1364429944252721,-0.9826456331298116,93.50705955136713,-10.148816485266792,60.21220869126626,G10
0.89,0.4704522564374834,0.13630362622776745,-0.9824738784178392,93.59784372975844,-9.974948155030528,60.080490347756836,G10
0.9,0.470478271834351,0.1361642580302628,-0.9823021237058668,93.68862790814973,-9.801079824794268,59.94877200424742,G10
0.91,0.4705042872312185,0.13602488983275818,-0.9821303689938944,93.77941208654102,-9.627211494558004,59.81705366073799,G10
0.92,0.47053030262808604,0.13588552163525353,-0.981958614281922,93.8701962649323,-9.453343164321742,59.685335317228564,G10
0.93,0.47055631802495357,0.13574615343774887,-0.9817868595699496,93.9609804433236,-9.27947483408548,59.553616973719144,G10
0.9400000000000001,0.4705823334218211,0.13560678524024422,-0.9816151048579772,94.0517646217149,-9.105606503849216,59.42189863020972,G10
0.9500000000000001,0.4706083488186886,0.1354674170427396,-0.9814433501460048,94.14254880010618,-8.931738173612956,59.29018028670029,G10
0.96,0.47063436421555616,0.13532804884523494,-0.9812715954340324,94.23333297849749,-8.757869843376696,59.15846194319087,G10
0.97,0.4706603796124237,0.1351886806477303,-0.98109984072206,94.32411715688878,-8.584001513140432,59.026743599681446,G10
0.98,0.4706863950092912,0.13504931245022564,-0.9809280860100876,94.41490133528006,-8.41013318290417,58.895025256172026,G10
0.99,0.47071241040615874,0.13490994425272101,-0.9807563312981152,94.50568551367137,-8.236264852667908,58.7633069126626,G10
1.0,0.47073842580302633,0.13477057605521636,-0.9805845765861428,94.59646969206266,-8.062396522431644,58.63158856915317,G10
1.01,0.47076444119989386,0.1346312078577117,-0.9804128218741704,94.68725387045394,-7.888528192195383,58.499870225643754,G10
1.02,0.4707904565967614,0.13449183966020709,-0.980241067162198,94.77803804884525,-7.71465986195912,58.36815188213433,G10
1.03,0.4708164719936289,0.13435247146270243,-0.9800693124502257,94.86882222723654,-7.540791531722858,58.2364335386249,G10
1.04,0.46722586206896555,0.12762896551724145,-0.9785993103448276,95.31192379310345,-6.797577241379317,57.61200482758621,G10
1.05,0.4597172413793103,0.11377264367816087,-0.9757228735632184,96.13670252873564,-5.437571494252868,56.453806551724135,G10
1.06,0.45220862068965506,0.09991632183908028,-0.9728464367816091,96.96148126436783,-4.077565747126418,55.29560827586206,G10
1.07,0.44469999999999993,0.08605999999999983,-0.96997,97.78626000000001,-2.717559999999999,54.13740999999998,G10
1.08,0.44204852546916884,0.07853184986595159,-0.9686616890080428,98.44524659517428,-2.6561632171581757,53.21646630026808,G10
1.09,0.43939705093833775,0.07100369973190335,-0.9673533780160858,99.10423319034854,-2.594766434316353,52.295522600536174,G10
1.1,0.43674557640750666,0.0634755495978551,-0.9660450670241286,99.76321978552281,-2.53336965147453,51.37457890080427,G10
1.11,0.4343984146341463,0.05719634146341459,-0.9653509451219512,100.44158908536586,-2.6431299390243987,50.45093975609755,G10
1.12,0.43287402439024386,0.054293902439024336,-0.9663174085365854,101.17236347560977,-3.2156482317073274,49.52001292682925,G10
1.1300000000000001,0.4313496341463414,0.05139146341463409,-0.9672838719512196,101.90313786585368,-3.788166524390256,48.58908609756096,G10
1.1400000000000001,0.42982524390243904,0.04848902439024384,-0.9682503353658537,102.63391225609759,-4.360684817073184,47.658159268292664,G10
1.1500000000000001,0.4245178341013824,0.037880230414746315,-0.9693731797235023,104.08998691244243,-5.132583317972367,46.59710502304145,G10
1.16,0.41917221198156684,0.027193594470046104,-0.970497603686636,105.55338783410139,-5.906495760368662,45.53473635944701,G10
1.17,0.413170780141844,0.026404042553191488,-0.9711972340425532,106.68691886524823,-6.347679219858155,44.624329290780146,G10
1.18,0.40702539007092203,0.027787021276595745,-0.9718036170212766,107.74803943262411,-6.7158246099290775,43.74727964539007,G10
1.19,0.40088,0.02917,-0.97241,108.80916,-7.08397,42.87023,G10
1.2,0.3921100469483568,0.03816999999999997,-0.97241,110.39321633802817,-7.234491126760563,41.25750230046949,G10
1.21,0.38334009389671364,0.047169999999999934,-0.97241,111.97727267605633,-7.385012253521126,39.64477460093897,G10
1.22,0.38213653783342405,0.04798148611867175,-0.9718838323353294,112.34516350027218,-7.374935117038651,39.25001885683179,G10
1.23,0.38206359281437124,0.04756940119760479,-0.9712790419161677,112.53132844311376,-7.340860538922156,39.03725892215569,G10
1.24,0.38199064779531844,0.04715731627653784,-0.970674251497006,112.71749338595536,-7.306785960805661,38.824498987479586,G10
1.25,0.38191770277626563,0.04674523135547088,-0.9700694610778443,112.90365832879695,-7.272711382689168,38.61173905280348,G10
1.26,0.3818447577572128,0.04633314643440392,-0.9694646706586827,113.08982327163854,-7.238636804572673,38.39897911812738,G10
1.27,0.38177181273816,0.04592106151333696,-0.968859880239521,113.27598821448012,-7.204562226456178,38.18621918345128,G10
1.28,0.3816988677191072,0.045508976592270003,-0.9682550898203593,113.46215315732172,-7.170487648339685,37.97345924877517,G10
1.29,0.3816259227000544,0.04509689167120305,-0.9676502994011976,113.64831810016331,-7.13641307022319,37.76069931409907,G10
1.3,0.3815529776810016,0.04468480675013609,-0.9670455089820359,113.8344830430049,-7.102338492106695,37.54793937942297,G10
1.31,0.3814800326619488,0.044272721829069134,-0.9664407185628743,114.02064798584648,-7.068263913990201,37.33517944474687,G10
1.32,0.381407087642896,0.043860636908002175,-0.9658359281437126,114.20681292868808,-7.034189335873707,37.12241951007076,G10
1.33,0.3813341426238432,0.043448551986935216,-0.9652311377245509,114.39297787152967,-7.0001147577572125,36.90965957539466,G10
1.34,0.3812611976047904,0.043036467065868264,-0.9646263473053892,114.57914281437125,-6.966040179640718,36.696899640718556,G10
1.35,0.3811882525857376,0.042624382144801305,-0.9640215568862276,114.76530775721284,-6.931965601524224,36.484139706042455,G10
1.36,0.38111530756668477,0.042212297223734346,-0.9634167664670659,114.95147270005444,-6.8978910234077295,36.271379771366355,G10
1.37,0.38104236254763196,0.04180021230266739,-0.9628119760479042,115.13763764289602,-6.863816445291235,36.058619836690255,G10
1.3800000000000001,0.38096941752857916,0.04138812738160043,-0.9622071856287425,115.32380258573761,-6.829741867174741,35.84585990201415,G10
1.3900000000000001,0.38089647250952635,0.04097604246053348,-0.9616023952095809,115.50996752857921,-6.795667289058247,35.63309996733805,G10
1.4000000000000001,0.37993568238213393,0.035423846153846,-0.9609526054590571,115.96105248138959,-6.449040669975177,35.049383771712144,G10
1.41,0.37808704714640196,0.02473153846153848,-0.9602578163771712,116.67705744416874,-5.789862009925559,34.09471131513648,G10
1.42,0.37623841191067,0.014039230769230717,-0.9595630272952854,117.39306240694789,-5.130683349875927,33.14003885856079,G10
1.43,0.37438977667493795,0.0033469230769229558,-0.9588682382133995,118.10906736972706,-4.471504689826295,32.1853664019851,G10
1.44,0.3733470261437909,-0.0029523915626856996,-0.9582067736185383,118.52756153594771,-4.082915246583481,31.616928871063575,G10
1.45,0.37321303921568627,-0.004297905525846722,-0.9575828877005348,118.61056480392158,-3.999458324420676,31.48403285204991,G10
1.46,0.3730790522875817,-0.005643419489007744,-0.9569590017825312,118.69356807189543,-3.9160014022578715,31.351136833036243,G10
1.47,0.37294506535947713,-0.006988933452168767,-0.9563351158645277,118.77657133986928,-3.832544480095067,31.21824081402258,G10
1.48,0.37281107843137257,-0.00833444741532979,-0.955711229946524,118.85957460784314,-3.7490875579322624,31.08534479500891,G10
1.49,0.372677091503268,-0.009679961378490812,-0.9550873440285205,118.942577875817,-3.6656306357694577,30.952448775995247,G10
1.5,0.37254310457516343,-0.011025475341651835,-0.9544634581105169,119.02558114379086,-3.5821737136066534,30.81955275698158,G10
1.51,0.37240911764705886,-0.012370989304812854,-0.9538395721925134,119.10858441176471,-3.498716791443849,30.686656737967912,G10
1.52,0.37227513071895424,-0.013716503267973877,-0.9532156862745098,119.19158767973856,-3.4152598692810443,30.553760718954248,G10
1.53,0.37214114379084967,-0.0150620172311349,-0.9525918003565063,119.27459094771243,-3.3318029471182395,30.42086469994058,G10
1.54,0.3720071568627451,-0.016407531194295923,-0.9519679144385027,119.35759421568628,-3.2483460249554352,30.287968680926916,G10
1.55,0.37187316993464054,-0.017753045157456945,-0.9513440285204992,119.44059748366013,-3.164889102792631,30.15507266191325,G10
1.56,0.37173918300653597,-0.019098559120617965,-0.9507201426024956,119.52360075163399,-3.081432180629826,30.02217664289958,G10
1.57,0.3716051960784314,-0.020444073083778987,-0.9500962566844919,119.60660401960784,-2.9979752584670214,29.889280623885917,G10
1.58,0.37147120915032683,-0.02178958704694001,-0.9494723707664884,119.6896072875817,-2.914518336304217,29.75638460487225,G10
1.59,0.3713372222222222,-0.023135101010101033,-0.9488484848484848,119.77261055555556,-2.8310614141414128,29.623488585858585,G10
1.6,0.37120323529411764,-0.024480614973262056,-0.9482245989304813,119.85561382352941,-2.747604491978608,29.490592566844917,G10
1.61,0.37106924836601307,-0.025826128936423078,-0.9476007130124777,119.93861709150327,-2.6641475698158033,29.357696547831253,G10
1.62,0.3709352614379085,-0.0271716428995841,-0.9469768270944742,120.02162035947713,-2.580690647652999,29.224800528817585,G10
1.6300000000000001,0.37080127450980394,-0.02851715686274512,-0.9463529411764706,120.10462362745098,-2.4972337254901946,29.091904509803918,G10
1.6400000000000001,0.37066728758169937,-0.029862670825906143,-0.9457290552584671,120.18762689542484,-2.41377680332739,28.959008490790254,G10
1.6500000000000001,0.3705333006535948,-0.031208184789067166,-0.9451051693404634,120.27063016339869,-2.330319881164585,28.826112471776586,G10
1.6600000000000001,0.37039931372549023,-0.03255369875222819,-0.9444812834224598,120.35363343137254,-2.2468629590017812,28.693216452762922,G10
1.67,0.3702653267973856,-0.03389921271538918,-0.9438573975044563,120.43663669934641,-2.1634060368389783,28.560320433749258,G10
1.68,0.37013133986928104,-0.035244726678550206,-0.9432335115864527,120.51963996732026,-2.0799491146761735,28.42742441473559,G10
1.69,0.36999735294117647,-0.03659024064171123,-0.9426096256684492,120.60264323529411,-1.9964921925133692,28.294528395721926,G10
1.7,0.3698633660130719,-0.03793575460487225,-0.9419857397504456,120.68564650326798,-1.9130352703505644,28.16163237670826,G10
1.71,0.36972937908496734,-0.039281268568033274,-0.9413618538324421,120.76864977124183,-1.82957834818776,28.028736357694594,G10
1.72,0.36959539215686277,-0.0406267825311943,-0.9407379679144385,120.85165303921568,-1.7461214260249558,27.895840338680927,G10
1.73,0.3694614052287582,-0.04197229649435532,-0.940114081996435,120.93465630718954,-1.662664503862151,27.76294431966726,G10
1.74,0.3693274183006536,-0.04331781045751634,-0.9394901960784314,121.01765957516339,-1.5792075816993467,27.630048300653595,G10
1.75,0.369193431372549,-0.044663324420677365,-0.9388663101604278,121.10066284313724,-1.495750659536542,27.497152281639927,G10
1.76,0.36905944444444444,-0.04600883838383839,-0.9382424242424242,121.18366611111111,-1.4122937373737376,27.364256262626263,G10
1.77,0.36892545751633987,-0.047354352346999404,-0.9376185383244207,121.26666937908496,-1.3288368152109329,27.231360243612595,G10
1.78,0.3682028790199081,-0.05001767228177643,-0.9351828790199082,121.59302104134763,-1.3300234915773355,26.562223261868297,G10
1.79,0.3673422358346095,-0.0529901071975498,-0.9323222358346095,121.97645442572741,-1.3510648392036755,25.767301362940266,G10
1.8,0.36648159264931085,-0.05596254211332317,-0.9294615926493108,122.3598878101072,-1.3721061868300157,24.97237946401224,G10
1.81,0.36562094946401225,-0.05893497702909654,-0.9266009494640122,122.74332119448698,-1.3931475344563558,24.17745756508421,G10
1.82,0.3647603062787136,-0.06190741194486991,-0.9237403062787135,123.12675457886678,-1.4141888820826958,23.38253566615618,G10
1.83,0.363899663093415,-0.06487984686064327,-0.9208796630934148,123.51018796324657,-1.4352302297090358,22.587613767228152,G10
1.84,0.36730719471947243,-0.06827214521452162,-0.9165642904290426,123.9555592739274,-1.4687204620462069,21.44247316831676,G10
1.85,0.38169003300330084,-0.07274409240924108,-0.9085081848184815,124.56019953795382,-1.5342221122112236,19.396770198019727,G10
1.86,0.39607287128712926,-0.07721603960396056,-0.9004520792079205,125.16483980198022,-1.5997237623762401,17.351067227722694,G10
1.87,0.40624947368421044,-0.07997894736842097,-0.8935231578947368,125.69144210526316,-1.5468010526315636,15.638405263157868,G10
1.8800000000000001,0.4038073684210526,-0.0776147368421052,-0.8899757894736842,125.98393052631579,-1.1386052631578818,14.924866315789451,G10
1.8900000000000001,0.40136526315789467,-0.0752505263157894,-0.8864284210526315,126.27641894736843,-0.7304094736841998,14.211327368421033,G10
1.9000000000000001,0.3989231578947368,-0.07288631578947363,-0.8828810526315789,126.56890736842105,-0.3222136842105181,13.497788421052617,G10
1.9100000000000001,0.3964810526315789,-0.07052210526315786,-0.8793336842105263,126.86139578947369,0.08598210526316374,12.7842494736842,G10
1.92,0.3838413397129187,-0.07258162679425835,-0.8780576076555023,127.24139358851674,-0.17377885167463802,12.310602009569378,G10
1.93,0.3610040191387557,-0.0790648803827752,-0.8790528229665072,127.70890076555024,-1.1014965550239348,12.07684602870813,G10
1.94,0.34788055,-0.08799450000000027,-0.87831365,128.1912962,-3.1511412500000775,11.513282349999978,G10
1.95,0.34873555,-0.10044450000000027,-0.87507865,128.6951162,-6.815266250000077,10.475117349999978,G10
1.96,0.35695678571428596,-0.11568494047619071,-0.8736751785714286,129.21592494047619,-10.51590321428576,9.087607261904738,G10
1.97,0.3757782142857141,-0.13494089285714267,-0.8749073214285714,129.76118089285714,-14.269081785714253,7.197381071428588,G10
1.98,0.3894363522012578,-0.16014842767295584,-0.8676186163522013,130.46214402515722,-16.852559811320745,5.712708742138371,G10
1.99,0.40420690355329975,-0.1880052791878175,-0.8548059898477155,131.2533771573604,-18.841167157360417,4.379358730964457,G10
2.0,0.4375419289340107,-0.21861441624365535,-0.8274202030456848,132.2453568527919,-19.8331468527919,3.054135380710637,G10
2.0100000000000002,0.46582071636011635,-0.24412647628267184,-0.8040189690222651,133.08088569215877,-20.654856897386253,1.9274417860600117,G10
2.02,0.4694131655372702,-0.244752807357212,-0.8000717279767666,133.15256623426913,-20.645250411423042,1.770040527589541,G10
2.0300000000000002,0.4730056147144242,-0.2453791384317522,-0.796124486931268,133.2242467763795,-20.635643925459828,1.6126392691190634,G10
2.04,0.476598063891578,-0.24600546950629235,-0.7921772458857695,133.29592731848984,-20.626037439496614,1.4552380106485927,G10
2.05,0.48019051306873184,-0.24663180058083253,-0.7882300048402711,133.3676078606002,-20.6164309535334,1.297836752178122,G10
2.06,0.48378296224588585,-0.24725813165537272,-0.7842827637947725,133.43928840271056,-20.606824467570185,1.1404354937076442,G10
2.07,0.4873754114230397,-0.24788446272991288,-0.780335522749274,133.51096894482092,-20.59721798160697,0.9830342352371735,G10
2.08,0.4909678606001937,-0.24851079380445307,-0.7763882817037754,133.58264948693127,-20.587611495643756,0.8256329767666959,G10
2.09,0.4945603097773475,-0.24913712487899323,-0.7724410406582769,133.65433002904163,-20.578005009680542,0.6682317182962252,G10
2.1,0.4981527589545015,-0.24976345595353341,-0.7684937996127783,133.726010571152,-20.56839852371733,0.5108304598257474,G10
2.11,0.5017452081316554,-0.2503897870280736,-0.7645465585672798,133.79769111326235,-20.558792037754117,0.35342920135527667,G10
2.12,0.5053376573088093,-0.25101611810261376,-0.7605993175217811,133.8693716553727,-20.549185551790902,0.19602794288479886,G10
2.13,0.5089301064859632,-0.25164244917715395,-0.7566520764762827,133.94105219748306,-20.539579065827688,0.03862668441432815,G10
2.14,0.5125225556631172,-0.25226878025169414,-0.752704835430784,134.01273273959342,-20.529972579864474,-0.11877457405614966,G10
2.15,0.516115004840271,-0.25289511132623427,-0.7487575943852857,134.08441328170377,-20.52036609390126,-0.27617583252662015,G10
2.16,0.519707454017425,-0.25352144240077445,-0.744810353339787,134.15609382381413,-20.510759607938045,-0.43357709099709774,G10
2.17,0.5232999031945789,-0.25414777347531464,-0.7408631122942886,134.2277743659245,-20.50115312197483,-0.5909783494675687,G10
2.18,0.5268923523717328,-0.25477410454985483,-0.7369158712487899,134.29945490803485,-20.491546636011616,-0.7483796079380463,G10
2.19,0.5304848015488867,-0.25540043562439496,-0.7329686302032914,134.3711354501452,-20.481940150048406,-0.9057808664085172,G10
2.2,0.5340772507260406,-0.25602676669893515,-0.7290213891577928,134.44281599225556,-20.47233366408519,-1.0631821248789948,G10
2.21,0.5376696999031945,-0.25665309777347534,-0.7250741481122943,134.51449653436592,-20.462727178121977,-1.2205833833494653,G10
2.22,0.5401700472103004,-0.2556694592274678,-0.7217185665236051,134.5299035751073,-20.457017291845496,-1.3444942918454945,G10
2.23,0.5416211201716737,-0.2531389871244636,-0.7189314420600859,134.49124391845493,-20.455051197424893,-1.4362281974248918,G10
2.24,0.5430721931330472,-0.2506085150214592,-0.7161443175965665,134.45258426180257,-20.453085103004295,-1.5279621030042931,G10
2.25,0.5445232660944206,-0.24807804291845498,-0.7133571931330472,134.4139246051502,-20.451119008583692,-1.6196960085836904,G10
2.2600000000000002,0.545974339055794,-0.24554757081545062,-0.7105700686695279,134.37526494849786,-20.44915291416309,-1.711429914163092,G10
2.27,0.5474254120171673,-0.24301709871244637,-0.7077829442060086,134.3366052918455,-20.44718681974249,-1.8031638197424893,G10
2.2800000000000002,0.5488764849785408,-0.240486626609442,-0.7049958197424893,134.29794563519314,-20.44522072532189,-1.8948977253218908,G10
2.29,0.5503275579399142,-0.23795615450643778,-0.7022086952789699,134.2592859785408,-20.44325463090129,-1.9866316309012881,G10
2.3000000000000003,0.5517786309012875,-0.23542568240343342,-0.6994215708154505,134.2206263218884,-20.441288536480688,-2.0783655364806894,G10
2.31,0.5532297038626609,-0.23289521030042917,-0.6966344463519313,134.18196666523605,-20.43932244206009,-2.1700994420600868,G10
2.32,0.5546807768240343,-0.23036473819742492,-0.693847321888412,134.1433070085837,-20.437356347639486,-2.261833347639484,G10
2.33,0.5561318497854078,-0.2278342660944206,-0.6910601974248927,134.10464735193133,-20.435390253218884,-2.353567253218886,G10
2.34,0.5575829227467811,-0.22530379399141634,-0.6882730729613734,134.06598769527898,-20.433424158798285,-2.4453011587982827,G10
2.35,0.5590339957081545,-0.22277332188841198,-0.685485948497854,134.02732803862662,-20.431458064377683,-2.537035064377684,G10
2.36,0.5604850686695279,-0.22024284978540776,-0.6826988240343348,133.98866838197426,-20.429491969957084,-2.6287689699570818,G10
2.37,0.5619361416309013,-0.2177123776824034,-0.6799116995708154,133.9500087253219,-20.42752587553648,-2.720502875536483,G10
2.38,0.5633872145922747,-0.21518190557939915,-0.6771245751072961,133.91134906866952,-20.425559781115883,-2.8122367811158804,G10
2.39,0.5648382875536481,-0.21265143347639479,-0.6743374506437767,133.87268941201717,-20.42359368669528,-2.9039706866952817,G10
2.4,0.5662893605150214,-0.21012096137339054,-0.6715503261802575,133.8340297553648,-20.421627592274678,-2.995704592274679,G10
2.41,0.5677404334763949,-0.2075904892703862,-0.6687632017167381,133.79537009871245,-20.41966149785408,-3.0874384978540803,G10
2.42,0.5691915064377683,-0.20506001716738195,-0.6659760772532188,133.7567104420601,-20.417695403433477,-3.179172403433478,G10
2.43,0.5706425793991416,-0.2025295450643776,-0.6631889527896995,133.71805078540774,-20.415729309012878,-3.2709063090128794,G10
2.44,0.572093652360515,-0.19999907296137337,-0.6604018283261802,133.67939112875538,-20.413763214592276,-3.3626402145922767,G10
2.45,0.5733345168179391,-0.19759210891617718,-0.657794911906033,133.61564219434064,-20.417002888414313,-3.441785824879873,G10
2.46,0.5737845969033636,-0.1956497704217832,-0.6558659209823812,133.45750978643886,-20.439826166577685,-3.4735754671649763,G10
2.47,0.574234676988788,-0.19370743192738915,-0.6539369300587292,133.29937737853712,-20.46264944474106,-3.5053651094500813,G10
2.48,0.5746847570742125,-0.19176509343299517,-0.6520079391350774,133.14124497063534,-20.485472722904433,-3.537154751735185,G10
2.49,0.575134837159637,-0.1898227549386011,-0.6500789482114254,132.9831125627336,-20.50829600106781,-3.5689443940202894,G10
2.5,0.5755849172450614,-0.1878804164442071,-0.6481499572877736,132.82498015483182,-20.53111927923118,-3.600734036305393,G10
2.5100000000000002,0.5760349973304859,-0.18593807794981304,-0.6462209663641216,132.66684774693005,-20.553942557394556,-3.632523678590498,G10
2.52,0.5764850774159103,-0.18399573945541908,-0.6442919754404698,132.5087153390283,-20.576765835557932,-3.664313320875601,G10
2.5300000000000002,0.5769351575013347,-0.182053400961025,-0.6423629845168178,132.35058293112652,-20.599589113721304,-3.696102963160706,G10
2.54,0.5773852375867592,-0.18011106246663103,-0.640433993593166,132.19245052322478,-20.62241239188468,-3.7278926054458097,G10
2.5500000000000003,0.5778353176721837,-0.17816872397223696,-0.638505002669514,132.034318115323,-20.645235670048052,-3.7596822477309146,G10
2.56,0.5782853977576081,-0.17622638547784297,-0.6365760117458622,131.87618570742126,-20.668058948211428,-3.791471890016018,G10
2.57,0.5787354778430326,-0.17428404698344901,-0.6346470208222104,131.71805329951948,-20.6908822263748,-3.8232615323011214,G10
2.58,0.579185557928457,-0.17234170848905495,-0.6327180298985584,131.5599208916177,-20.713705504538176,-3.855051174586226,G10
2.59,0.5796356380138815,-0.17039936999466096,-0.6307890389749066,131.40178848371596,-20.73652878270155,-3.8868408168713295,G10
2.6,0.580085718099306,-0.1684570315002669,-0.6288600480512546,131.2436560758142,-20.759352060864924,-3.9186304591564345,G10
2.61,0.5805357981847304,-0.16651469300587293,-0.6269310571276028,131.08552366791244,-20.7821753390283,-3.9504201014415377,G10
2.62,0.5809858782701549,-0.16457235451147886,-0.6250020662039508,130.92739126001067,-20.80499861719167,-3.9822097437266426,G10
2.63,0.5814359583555793,-0.16263001601708488,-0.623073075280299,130.76925885210892,-20.827821895355047,-4.013999386011746,G10
2.64,0.5763758823529408,-0.1643527731092439,-0.6208397478991596,129.66784882352934,-20.69189436974789,-3.7503330252100633,G10
2.65,0.5653464705882352,-0.17004605042016813,-0.6182767226890756,127.54455470588232,-20.383986806722685,-3.1665893277310855,G10
2.66,0.553949376854599,-0.17692311572700353,-0.6167560534124632,125.46868614243317,-20.03483795252223,-2.5773425519287625,G10
2.67,0.5392431454005934,-0.19445427299703283,-0.624616587537092,123.81964756676555,-19.3145174777448,-1.938568071216611,G10
2.68,0.5245369139465871,-0.21198543026706287,-0.6324771216617213,122.17060899109786,-18.594197002967338,-1.299793590504431,G10
2.69,0.5098306824925815,-0.22951658753709214,-0.6403376557863503,120.52157041543025,-17.873876528189907,-0.6610191097922797,G10
2.7,0.49531024922118344,-0.25276607476635576,-0.6458461993769472,119.14931414330215,-17.03707414330216,-0.4781344236760121,G10
2.71,0.4808585358255452,-0.27813056074766346,-0.6504848286604361,117.8794294080997,-16.157189408099693,-0.46386651090342684,G10
2.72,0.4664068224299064,-0.30349504672897226,-0.6551234579439252,116.60954467289719,-15.277304672897186,-0.4495985981308409,G10
2.73,0.4674124657534246,-0.33022050228310496,-0.6579578538812785,115.4163605479452,-14.26044566210046,-1.4903980365296743,G10
2.74,0.482686438356165,-0.35820223744292345,-0.659126803652968,114.29397698630132,-13.117148858447443,-3.505105799086836,G10
2.75,0.4952962820512823,-0.37999756410256436,-0.6555029487179483,113.38696038461536,-11.802110256410208,-5.537481794871855,G10
2.7600000000000002,0.502497136752137,-0.3892326068376073,-0.6421482478632472,112.91720397435896,-10.13838376068368,-7.605729658119759,G10
2.77,0.5096979914529916,-0.3984676495726498,-0.6287935470085467,112.44744756410256,-8.474657264957226,-9.67397752136757,G10
2.7800000000000002,0.5095294023904382,-0.385465179282868,-0.6064658565737042,111.92488139442229,-6.500959601593543,-11.958821553784956,G10
2.79,0.509286374501992,-0.3722380876494022,-0.5840475298804777,111.40178179282867,-4.524130916334631,-14.245853426294856,G10
2.8000000000000003,0.5088576076555024,-0.36378985645933004,-0.5710597288676235,111.06743507177032,-3.4412474322169015,-15.572636507177045,G10
2.81,0.5082276236044656,-0.36051872408293456,-0.5682883306751727,110.93757063795853,-3.3268045826687915,-15.859150063795857,G10
2.82,0.507597639553429,-0.3572475917065391,-0.565516932482722,110.80770620414673,-3.212361733120681,-16.14566362041467,G10
2.83,0.5069676555023923,-0.3539764593301435,-0.5627455342902711,110.67784177033492,-3.0979188835725657,-16.4321771770335,G10
2.84,0.5063376714513557,-0.350705326953748,-0.5599741360978203,110.54797733652312,-2.9834760340244553,-16.718690733652313,G10
2.85,0.5057076874003189,-0.3474341945773524,-0.5572027379053693,110.41811290271131,-2.86903318447634,-17.005204290271138,G10
2.86,0.5050777033492823,-0.34416306220095694,-0.5544313397129186,110.28824846889952,-2.7545903349282295,-17.291717846889952,G10
2.87,0.5044477192982456,-0.34089192982456135,-0.5516599415204677,110.15838403508772,-2.6401474853801146,-17.578231403508777,G10
2.88,0.5038177352472089,-0.33762079744816587,-0.548888543328017,110.02851960127592,-2.525704635832004,-17.86474496012759,G10
2.89,0.5031877511961722,-0.3343496650717703,-0.5461171451355661,109.89865516746411,-2.4112617862838883,-18.151258516746417,G10
2.9,0.5025577671451356,-0.3310785326953748,-0.5433457469431153,109.76879073365231,-2.2968189367357783,-18.43777207336523,G10
2.91,0.5019277830940988,-0.32780740031897915,-0.5405743487506645,109.6389262998405,-2.182376087187663,-18.72428562998406,G10
2.92,0.5012977990430622,-0.3245362679425837,-0.5378029505582136,109.5090618660287,-2.0679332376395525,-19.010799186602874,G10
2.93,0.5006678149920255,-0.3212651355661881,-0.5350315523657627,109.3791974322169,-1.9534903880914374,-19.2973127432217,G10
2.94,0.5000378309409887,-0.31799400318979265,-0.532260154173312,109.24933299840511,-1.839047538543327,-19.583826299840513,G10
2.95,0.4994078468899521,-0.314722870813397,-0.5294887559808611,109.1194685645933,-1.7246046889952116,-19.87033985645934,G10
2.96,0.49877786283891545,-0.3114517384370016,-0.5267173577884103,108.9896041307815,-1.6101618394471013,-20.156853413078153,G10
2.97,0.49814787878787875,-0.30818060606060593,-0.5239459595959595,108.8597396969697,-1.495718989898986,-20.44336696969698,G10
2.98,0.49751789473684205,-0.30490947368421045,-0.5211745614035087,108.7298752631579,-1.3812761403508755,-20.729880526315792,G10
2.99,0.4951676209677418,-0.2998072983870965,-0.5152809274193545,108.19619366935481,-1.562113709677432,-21.337941774193578,G10
3.0,0.49197004032258057,-0.2938032661290321,-0.5078494758064515,107.4636170564516,-1.888387903225813,-22.10437725806453,G10
3.0100000000000002,0.48877245967741917,-0.28779923387096745,-0.500418024193548,106.73104044354835,-2.2146620967742088,-22.87081274193552,G10
3.02,0.48557487903225793,-0.28179520161290306,-0.49298657258064493,105.99846383064514,-2.5409362903225894,-23.637248225806474,G10
3.0300000000000002,0.4823772983870966,-0.2757911693548384,-0.48555512096774156,105.26588721774189,-2.867210483870985,-24.40368370967746,G10
3.04,0.4809694786130093,-0.27375385218931914,-0.483220118957226,104.98101065553024,-3.023285163249813,-24.662713300430273,G10
3.0500000000000003,0.480292687927107,-0.2733367425968109,-0.4829667653758542,104.87899749430522,-3.109841731207294,-24.714492596810935,G10
3.06,0.47961589724120474,-0.2729196330043027,-0.4827134117944824,104.77698433308022,-3.1963982991647715,-24.766271893191597,G10
3.0700000000000003,0.4789391065553024,-0.2725025234117945,-0.4824600582131106,104.67497117185522,-3.2829548671222524,-24.818051189572262,G10
3.08,0.4782623158694001,-0.27208541381928625,-0.48220670463173876,104.57295801063022,-3.3695114350797297,-24.869830485952924,G10
3.09,0.47758552518349784,-0.27166830422677807,-0.48195335105036696,104.47094484940521,-3.4560680030372066,-24.921609782333586,G10
3.1,0.4769087344975955,-0.27125119463426983,-0.48169999746899517,104.3689316881802,-3.542624570994688,-24.973389078714252,G10
3.11,0.4762319438116932,-0.2708340850417616,-0.48144664388762337,104.2669185269552,-3.6291811389521653,-25.025168375094914,G10
3.12,0.4755551531257909,-0.27041697544925336,-0.4811932903062516,104.16490536573019,-3.715737706909646,-25.076947671475576,G10
3.13,0.4748783624398886,-0.2699998658567451,-0.4809399367248798,104.06289220450519,-3.8022942748671236,-25.128726967856238,G10
3.14,0.4742015717539863,-0.2695827562642369,-0.48068658314350793,103.96087904328017,-3.8888508428246045,-25.180506264236904,G10
3.15,0.473524781068084,-0.2691656466717287,-0.48043322956213613,103.85886588205517,-3.975407410782082,-25.232285560617566,G10
3.16,0.47284799038218167,-0.2687485370792205,-0.48017987598076434,103.75685272083017,-4.061963978739563,-25.28406485699823,G10
3.17,0.4721711996962794,-0.26833142748671224,-0.47992652239939254,103.65483955960516,-4.14852054669704,-25.335844153378893,G10
3.18,0.4714944090103771,-0.267914317894204,-0.47967316881802075,103.55282639838015,-4.235077114654521,-25.387623449759555,G10
3.19,0.4708176183244748,-0.26749720830169577,-0.47941981523664895,103.45081323715515,-4.321633682611998,-25.439402746140217,G10
3.2,0.47014082763857246,-0.26708009870918753,-0.4791664616552771,103.34880007593014,-4.408190250569479,-25.491182042520883,G10
3.21,0.4694640369526702,-0.26666298911667935,-0.4789131080739053,103.24678691470514,-4.494746818526957,-25.542961338901545,G10
3.22,0.4687872462667679,-0.2662458795241711,-0.4786597544925335,103.14477375348012,-4.5813033864844375,-25.594740635282207,G10
3.23,0.4681104555808656,-0.2658287699316629,-0.4784064009111617,103.04276059225512,-4.667859954441915,-25.64651993166287,G10
3.24,0.4674336648949633,-0.26541166033915464,-0.4781530473297899,102.94074743103012,-4.754416522399396,-25.698299228043535,G10
3.25,0.466756874209061,-0.2649945507466464,-0.4778996937484181,102.83873426980512,-4.840973090356873,-25.750078524424197,G10
3.2600000000000002,0.46608008352315866,-0.26457744115413817,-0.47764634016704627,102.7367211085801,-4.927529658314354,-25.801857820804862,G10
3.27,0.4654032928372564,-0.26416033156163,-0.4773929865856745,102.6347079473551,-5.014086226271831,-25.853637117185524,G10
3.2800000000000002,0.4647265021513541,-0.26374322196912175,-0.4771396330043027,102.5326947861301,-5.100642794229312,-25.905416413566186,G10
3.29,0.46404971146545176,-0.2633261123766135,-0.4768862794229309,102.43068162490509,-5.18719936218679,-25.95719570994685,G10
3.3000000000000003,0.46337292077954945,-0.2629090027841053,-0.4766329258415591,102.32866846368007,-5.2737559301442705,-26.008975006327514,G10
3.31,0.4626961300936472,-0.26249189319159705,-0.4763795722601873,102.22665530245507,-5.360312498101748,-26.060754302708176,G10
3.3200000000000003,0.46201933940774487,-0.26207478359908887,-0.47612621867881544,102.12464214123007,-5.446869066059229,-26.11253359908884,G10
3.33,0.46134254872184255,-0.26165767400658063,-0.47587286509744364,102.02262898000507,-5.533425634016707,-26.1643128954695,G10
3.34,0.4606657580359403,-0.2612405644140724,-0.47561951151607185,101.92061581878006,-5.619982201974183,-26.216092191850162,G10
3.35,0.45998896735003797,-0.26082345482156416,-0.47536615793470005,101.81860265755505,-5.706538769931665,-26.267871488230828,G10
3.36,0.45931217666413565,-0.260406345229056,-0.47511280435332826,101.71658949633004,-5.793095337889142,-26.31965078461149,G10
3.37,0.45863538597823333,-0.25998923563654774,-0.47485945077195646,101.61457633510504,-5.8796519058466234,-26.371430080992155,G10
3.38,0.45795859529233107,-0.2595721260440395,-0.47460609719058466,101.51256317388004,-5.9662084738041,-26.423209377372817,G10
3.39,0.45728180460642875,-0.2591550164515313,-0.4743527436092128,101.41055001265502,-6.052765041761582,-26.47498867375348,G10
3.4,0.45660501392052644,-0.25873790685902304,-0.474099390027841,101.30853685143002,-6.139321609719058,-26.52676797013414,G10
3.41,0.4559282232346241,-0.2583207972665148,-0.4738460364464692,101.20652369020502,-6.22587817767654,-26.578547266514807,G10
3.42,0.45525143254872186,-0.2579036876740066,-0.4735926828650974,101.10451052898001,-6.312434745634016,-26.63032656289547,G10
3.43,0.45336435897435884,-0.259016153846154,-0.4740033333333334,100.79898153846152,-6.537483589743607,-26.7132458974359,G10
3.44,0.44663615384615385,-0.26624692307692305,-0.47707,99.67938923076925,-7.316501538461536,-26.920725384615384,G10
3.45,0.43990794871794864,-0.2734776923076924,-0.4801366666666667,98.55979692307692,-8.0955194871795,-27.128204871794875,G10
3.46,0.43317974358974365,-0.2807084615384615,-0.4832033333333333,97.44020461538463,-8.874537435897428,-27.33568435897436,G10
3.47,0.4252277981651375,-0.29606770642201885,-0.4896669724770644,96.07661752293576,-9.436656880733945,-27.598575045871566,G10
3.48,0.4144204587155963,-0.3303933944954129,-0.504056880733945,94.14370926605505,-9.492679816513762,-27.990758532110092,G10
3.49,0.4037172558139532,-0.36364520930232636,-0.5185529302325586,92.30896674418601,-9.409901302325547,-28.499487441860506,G10
3.5,0.3937777209302325,-0.3890219534883722,-0.5338273488372094,91.19410627906976,-8.309245488372087,-29.862882790697682,G10
3.5100000000000002,0.3838381860465114,-0.4143986976744192,-0.5491017674418609,90.07924581395346,-7.208589674418576,-31.22627813953492,G10
3.52,0.38241630281690137,-0.41987338028169013,-0.5545227112676057,89.9102254225352,-6.398610246478869,-33.488551725352124,G10
3.5300000000000002,0.381257852112676,-0.42473253521126775,-0.5596389084507044,89.7704578169014,-5.597620809859132,-35.77862566901415,G10
3.54,0.38230891891891905,-0.4273297297297296,-0.5626459459459459,89.71859328828829,-4.8542709459459426,-38.26627945945949,G10
3.5500000000000003,0.3981467567567574,-0.41478918918918867,-0.5515378378378374,90.25500319819822,-4.496662837837823,-42.07619837837854,G10
3.56,0.4139845945945951,-0.40224864864864823,-0.5404297297297294,90.79141310810813,-4.139054729729718,-45.88611729729742,G10
3.5700000000000003,0.4293223131672605,-0.3817509252669029,-0.5184384697508886,91.32422128113882,-3.790442597864752,-48.71592989323857,G10
3.58,0.4446105693950181,-0.36046622775800674,-0.49537085409252624,91.85667323843418,-3.4427201779359367,-51.4488088967972,G10
3.59,0.4589064485981308,-0.3384352336448601,-0.4725221495327105,92.33802018691588,-3.1183555140186927,-54.14026121495325,G10
3.6,0.46427093457943935,-0.3096875700934574,-0.4516436448598127,92.35942205607476,-3.0042106542056053,-56.458873364486024,G10
3.61,0.4696354205607477,-0.2809399065420559,-0.4307651401869158,92.38082392523364,-2.8900657943925228,-58.7774855140187,G10
3.62,0.46325502325581364,-0.263327116279069,-0.42000851162790653,91.31141395348833,-4.017116744186098,-59.415585906976766,G10
3.63,0.4563852558139532,-0.24617827906976675,-0.40967362790697637,90.19655348837205,-5.195884186046559,-59.98366497674421,G10
3.64,0.45508,-0.24292,-0.40771,89.98473,-5.41985,-60.0916,G10
3.65,0.45508,-0.24292,-0.40771,89.98473,-5.41985,-60.0916,G10
3.66,0.45508,-0.24292,-0.40771,89.98473,-5.41985,-60.0916,G10
3.67,0.45508,-0.24292,-0.40771,89.98473,-5.41985,-60.0916,G10
3.68,0.45508,-0.24292,-0.40771,89.98473,-5.41985,-60.0916,G10
3.69,0.45508,-0.24292,-0.40771,89.98473,-5.41985,-60.0916,G10
3.7,0.45508,-0.24292,-0.40771,89.98473,-5.41985,-60.0916,G10
3.71,0.45508,-0.24292,-0.40771,89.98473,-5.41985,-60.0916,G10
3.72,0.45508,-0.24292,-0.40771,89.98473,-5.41985,-60.0916,G10
3.73,0.45508,-0.24292,-0.40771,89.98473,-5.41985,-60.0916,G10
3.74,0.45508,-0.24292,-0.40771,89.98473,-5.41985,-60.0916,G10
3.75,0.45508,-0.24292,-0.40771,89.98473,-5.41985,-60.0916,G10
3.7600000000000002,0.45508,-0.24292,-0.40771,89.98473,-5.41985,-60.0916,G10
3.77,0.45508,-0.24292,-0.40771,89.98473,-5.41985,-60.0916,G10
3.7800000000000002,0.45508,-0.24292,-0.40771,89.98473,-5.41985,-60.0916,G10
3.79,0.45508,-0.24292,-0.40771,89.98473,-5.41985,-60.0916,G10
3.8000000000000003,0.45508,-0.24292,-0.40771,89.98473,-5.41985,-60.0916,G10
3.81,0.45508,-0.24292,-0.40771,89.98473,-5.41985,-60.0916,G10
3.8200000000000003,0.45508,-0.24292,-0.40771,89.98473,-5.41985,-60.0916,G10
3.83,0.45508,-0.24292,-0.40771,89.98473,-5.41985,-60.0916,G10
3.84,0.45508,-0.24292,-0.40771,89.98473,-5.41985,-60.0916,G10
3.85,0.45508,-0.24292,-0.40771,89.98473,-5.41985,-60.0916,G10
3.86,0.45508,-0.24292,-0.40771,89.98473,-5.41985,-60.0916,G10
3.87,0.45508,-0.24292,-0.40771,89.98473,-5.41985,-60.0916,G10
3.88,0.45508,-0.24292,-0.40771,89.98473,-5.41985,-60.0916,G10
3.89,0.45508,-0.24292,-0.40771,89.98473,-5.41985,-60.0916,G10
3.9,0.45508,-0.24292,-0.40771,89.98473,-5.41985,-60.0916,G10
3.91,0.45508,-0.24292,-0.40771,89.98473,-5.41985,-60.0916,G10
3.92,0.45508,-0.24292,-0.40771,89.98473,-5.41985,-60.0916,G10
3.93,0.45508,-0.24292,-0.40771,89.98473,-5.41985,-60.0916,G10
3.94,0.45508,-0.24292,-0.40771,89.98473,-5.41985,-60.0916,G10
3.95,0.45508,-0.24292,-0.40771,89.98473,-5.41985,-60.0916,G10
3.96,0.45508,-0.24292,-0.40771,89.98473,-5.41985,-60.0916,G10
3.97,0.45508,-0.24292,-0.40771,89.98473,-5.41985,-60.0916,G10
3.98,0.45508,-0.24292,-0.40771,89.98473,-5.41985,-60.0916,G10
3.99,0.45508,-0.24292,-0.40771,89.98473,-5.41985,-60.0916,G10
4.0,0.45508,-0.24292,-0.40771,89.98473,-5.41985,-60.0916,G10
