time,ax_g,ay_g,az_g,gx_dps,gy_dps,gz_dps,label
0.0,0.01782,0.15344,0.97546,13.25191,-7.52672,-55.48092,G4
0.01,0.03333127819548859,0.1547257142857143,0.9775727819548872,12.71239120300752,-5.230900451127825,-51.62395007518798,G4
0.02,0.047932760736196275,0.1555034969325153,0.981032208588957,12.35236073619632,-3.262117300613502,-47.96647202453989,G4
0.03,0.061646814814814765,0.1562414074074074,0.985159777777778,12.067624888888888,-1.4294622222222246,-44.35781911111112,G4
0.04,0.06481718518518509,0.16202659259259247,0.9894042222222222,11.468247111111111,1.001982222222216,-39.5627968888889,G4
0.05,0.0641823841059602,0.165602119205298,0.9940100662251656,10.766187483443707,2.844042781456958,-35.06253880794701,G4
0.06,0.063840487804878,0.1684970731707317,0.9984698780487804,10.067211707317073,4.1374,-30.757032439024385,G4
0.07,0.0726209756097561,0.1728141463414634,1.001524756097561,9.592443414634143,4.1374,-26.73543487804876,G4
0.08,0.08365365853658539,0.1790607317073171,1.0046586585365855,9.17799707317073,3.5542691463414577,-22.55799792682925,G4
0.09,0.09660487804878046,0.18695097560975607,1.0078598780487806,8.814936097560976,2.4743971951219477,-18.24780890243901,G4
0.1,0.1075410071942446,0.1872673381294964,1.0130037410071944,8.412873884892086,1.2296128776978414,-12.963148273381293,G4
0.11,0.1180485135135135,0.18911547297297296,1.015250945945946,7.982255135135135,0.2792451351351384,-7.753249324324329,G4
0.12,0.128339746835443,0.19301784810126574,1.0145577215189874,7.531254430379749,-0.3595564556961976,-2.733695063291159,G4
0.13,0.1379979746835442,0.18961278481012653,1.0154817721518987,7.173735443037975,-0.6397716455696199,1.8174694936708806,G4
0.14,0.1466971257485029,0.18688580838323351,1.0169115568862277,6.993555988023954,-0.8843965868263468,6.258261497005989,G4
0.15,0.1542240718562874,0.18498760479041912,1.0189594610778443,7.0301248502994005,-1.085522335329341,10.56415371257485,G4
0.16,0.16332000000000002,0.18242846153846154,1.026453076923077,6.988845384615384,-0.6858484615384575,14.928948461538482,G4
0.17,0.17191379518072272,0.18050578313253024,1.0352918674698797,6.877496807228909,-0.027224457831311666,19.349764939759055,G4
0.18,0.1709559638554216,0.18690337349397582,1.0422015060240966,6.279683554216866,1.536281566265063,24.16904204819278,G4
0.19,0.1698289792387543,0.19086803633217986,1.0458859429065746,5.887251513840833,2.5421951470588167,27.234052197231808,G4
0.2,0.16847776816608992,0.1916076557093425,1.0452951124567476,5.767068987889273,2.80897455882353,27.97363870242215,G4
0.21,0.16712655709342553,0.19234727508650518,1.0447042820069206,5.646886461937717,3.0757539705882344,28.713225207612453,G4
0.22,0.16577534602076122,0.19308689446366778,1.0441134515570931,5.52670393598616,3.34253338235294,29.452811712802763,G4
0.23,0.16442413494809682,0.1938265138408304,1.0435226211072663,5.406521410034602,3.6093127941176464,30.192398217993077,G4
0.24,0.16307292387543254,0.1945661332179931,1.0429317906574394,5.286338884083046,3.8760922058823515,30.93198472318339,G4
0.25,0.16172171280276812,0.1953057525951557,1.0423409602076124,5.166156358131488,4.1428716176470575,31.671571228373697,G4
0.26,0.16037050173010384,0.1960453719723183,1.0417501297577854,5.045973832179931,4.409651029411764,32.411157733564,G4
0.27,0.15901929065743942,0.1967849913494809,1.0411592993079584,4.9257913062283745,4.676430441176469,33.15074423875432,G4
0.28,0.15766807958477502,0.1975246107266436,1.0405684688581314,4.805608780276817,4.943209852941176,33.89033074394463,G4
0.29,0.15631686851211074,0.19826423010380617,1.0399776384083044,4.68542625432526,5.20998926470588,34.62991724913494,G4
0.3,0.15496565743944632,0.19900384948096878,1.0393868079584774,4.565243728373703,5.476768676470585,35.36950375432525,G4
0.31,0.15349793243243243,0.1988342972972973,1.0390872094594594,4.466155844594595,5.675685425675674,35.93412560135134,G4
0.32,0.15201279729729722,0.1985288918918918,1.0388311283783784,4.3702200337837835,5.864461777027025,36.47260330405405,G4
0.33,0.15052766216216212,0.1982234864864865,1.0385750472972972,4.274284222972973,6.053238128378378,37.01108100675675,G4
0.34,0.14904252702702703,0.197918081081081,1.0383189662162162,4.178348412162162,6.242014479729728,37.549558709459454,G4
0.35000000000000003,0.14755739189189182,0.1976126756756756,1.038062885135135,4.0824126013513515,6.43079083108108,38.088036412162154,G4
0.36,0.14607225675675672,0.1973072702702702,1.037806804054054,3.986476790540541,6.619567182432432,38.62651411486487,G4
0.37,0.14458712162162163,0.1970018648648648,1.037550722972973,3.89054097972973,6.808343533783783,39.16499181756756,G4
0.38,0.14310198648648642,0.1966964594594594,1.0372946418918918,3.7946051689189195,6.997119885135135,39.70346952027027,G4
0.39,0.14161685135135132,0.196391054054054,1.0370385608108108,3.6986693581081083,7.185896236486486,40.24194722297297,G4
0.4,0.14013171621621612,0.1960856486486486,1.0367824797297298,3.6027335472972974,7.374672587837837,40.780424925675675,G4
0.41000000000000003,0.13864658108108102,0.1957802432432432,1.0365263986486486,3.5067977364864866,7.56344893918919,41.31890262837839,G4
0.42,0.13716144594594595,0.1954748378378378,1.0362703175675676,3.410861925675676,7.75222529054054,41.857380331081075,G4
0.43,0.13567631081081075,0.1951694324324324,1.0360142364864864,3.314926114864865,7.941001641891892,42.39585803378378,G4
0.44,0.13419117567567565,0.194864027027027,1.0357581554054054,3.218990304054054,8.129777993243241,42.93433573648648,G4
0.45,0.13268644578313255,0.19401367469879482,1.0353192771084336,3.0917861445782977,8.378088975903642,43.746717409638684,G4
0.46,0.13092138554216864,0.18592331325301198,1.0324518072289155,2.549159638554217,9.417360060240963,48.19810897590361,G4
0.47000000000000003,0.12940715328467145,0.17709489051094882,1.0332798540145989,2.0782317518248203,10.2224309489051,53.06781233576645,G4
0.48,0.12775333333333275,0.16720095238095228,1.0390911111111107,1.7203433333333424,10.67272920634919,58.55906873015876,G4
0.49,0.11408666666666663,0.1572247619047619,1.0368688888888888,1.599176666666667,10.696959365079364,64.52053698412698,G4
0.5,0.09897464566929137,0.1546553543307087,1.0366041732283464,1.4740649606299219,10.496001496062991,67.97463401574798,G4
0.51,0.08345496062992129,0.15417503937007873,1.0368915748031495,1.3478405511811031,10.231529055118113,70.72152377952754,G4
0.52,0.06348121739130379,0.15612860869565243,1.037287391304348,1.111716608695639,9.597208956521694,74.11868556521746,G4
0.53,0.03034046153846187,0.1653339999999998,1.0373770769230766,0.5061630769230664,7.744922307692285,79.48772799999996,G4
0.54,0.006678923076923051,0.169934,1.0309001538461537,-0.3159138461538469,5.419614615384614,83.97392800000002,G4
0.55,-0.006488582677165214,0.16900275590551173,1.0238482677165353,-0.925407559055115,2.832481496062991,88.42038913385827,G4
0.56,-0.014694776119402835,0.15847059701492497,1.020292985074627,-1.2915570149253655,0.98256850746272,92.64099402985073,G4
0.5700000000000001,-0.02057224489795904,0.14124326530612258,1.0179285714285708,-1.4615963265306076,0.0969028571429017,96.59510714285715,G4
0.58,-0.024973605442176756,0.12770585034013615,1.0056428571428573,-1.5239092517006794,0.21114095238095093,100.24053571428568,G4
0.59,-0.03559078014184391,0.11781801418439725,1.0040438297872345,-1.4497303546099274,0.882353546099293,104.28054588652478,G4
0.6,-0.04987428571428561,0.11411071428571481,1.0065028571428571,-1.2769914285714261,1.832059999999995,108.5234428571428,G4
0.61,-0.06678857142857116,0.1213464285714285,1.0082457142857144,-1.0043628571428602,2.9007599999999876,112.86368571428568,G4
0.62,-0.08844442307692289,0.12962480769230753,1.0051445192307693,-0.8647990384615402,3.536111730769224,115.49089749999997,G4
0.63,-0.11062711538461577,0.13801903846153862,1.0015050961538463,-0.7400201923076898,4.123313653846164,117.92777250000003,G4
0.64,-0.11690268634686339,0.1408740738007379,1.0009093062730627,-0.7277231586715878,4.2169986642066375,118.58168329889297,G4
0.65,-0.1196864501845019,0.14251318819188194,1.00098163099631,-0.7401172546125463,4.202350693726937,118.84421171217713,G4
0.66,-0.1224702140221402,0.14415230258302583,1.0010539557195572,-0.7525113505535057,4.187702723247233,119.10674012546127,G4
0.67,-0.12525397785977863,0.14579141697416975,1.0011262804428045,-0.7649054464944651,4.173054752767528,119.36926853874539,G4
0.68,-0.12803774169741702,0.14743053136531364,1.0011986051660515,-0.7772995424354245,4.158406782287822,119.6317969520295,G4
0.6900000000000001,-0.13082150553505542,0.14906964575645754,1.001270929889299,-0.789693638376384,4.143758811808118,119.89432536531366,G4
0.7000000000000001,-0.13360526937269362,0.15070876014760143,1.001343254612546,-0.8020877343173431,4.129110841328413,120.15685377859779,G4
0.71,-0.136389033210332,0.15234787453874538,1.0014155793357933,-0.8144818302583025,4.114462870848708,120.41938219188192,G4
0.72,-0.1391727970479704,0.15398698892988918,1.0014879040590403,-0.8268759261992619,4.099814900369004,120.68191060516607,G4
0.73,-0.14195656088560882,0.1556261033210332,1.0015602287822878,-0.8392700221402213,4.085166929889299,120.94443901845018,G4
0.74,-0.14474032472324722,0.15726521771217708,1.001632553505535,-0.8516641180811807,4.070518959409594,121.20696743173433,G4
0.75,-0.1475240885608855,0.158904332103321,1.0017048782287823,-0.8640582140221401,4.055870988929889,121.46949584501847,G4
0.76,-0.1503078523985239,0.1605434464944649,1.0017772029520295,-0.8764523099630995,4.041223018450184,121.73202425830259,G4
0.77,-0.15374471590909097,0.16285119318181823,1.0018361363636363,-0.9237546022727325,3.939968011363623,122.03531090909092,G4
0.78,-0.15894736742424237,0.16696672348484842,1.0018588636363637,-1.0654383143939388,3.604553238636365,122.44879575757575,G4
0.79,-0.16415001893939388,0.17108225378787872,1.0018815909090908,-1.207122026515151,3.269138465909091,122.86228060606061,G4
0.8,-0.16935267045454547,0.17519778409090903,1.001904318181818,-1.3488057386363632,2.9337236931818182,123.27576545454545,G4
0.81,-0.17455532196969684,0.17931331439393924,1.0019270454545457,-1.4904894507575726,2.598308920454553,123.68925030303028,G4
0.8200000000000001,-0.17975797348484832,0.18342884469696955,1.0019497727272726,-1.6321731628787848,2.2628941477272795,124.10273515151513,G4
0.8300000000000001,-0.18285913539967363,0.1855598205546492,1.0028963947797715,-1.8070079608482836,2.038452381729205,124.25316551386622,G4
0.84,-0.1859390701468188,0.18767075040783027,1.003852349102773,-1.9821776182707944,1.8151315551930463,124.40093876019574,G4
0.85,-0.189019004893964,0.18978168026101128,1.0048083034257749,-2.157347275693307,1.5918107286568848,124.54871200652526,G4
0.86,-0.19209893964110925,0.19189261011419242,1.0057642577487764,-2.332516933115823,1.3684899021207189,124.69648525285483,G4
0.87,-0.19517887438825446,0.19400353996737355,1.0067202120717782,-2.507686590538335,1.1451690755845578,124.84425849918435,G4
0.88,-0.19825880913539964,0.19611446982055464,1.0076761663947795,-2.682856247960848,0.9218482490483964,124.99203174551387,G4
0.89,-0.20133874388254475,0.19822539967373565,1.0086321207177815,-2.8580259053833603,0.6985274225122351,125.13980499184339,G4
0.9,-0.20441867862969004,0.20033632952691674,1.009588075040783,-3.0331955628058727,0.47520659597607406,125.28757823817291,G4
0.91,-0.20749861337683514,0.20244725938009783,1.0105440293637846,-3.208365220228385,0.2518857694399128,125.43535148450245,G4
0.92,-0.21057854812398036,0.20455818923327893,1.0114999836867864,-3.3835348776508973,0.028564942903751778,125.58312473083197,G4
0.93,-0.21365848287112554,0.20666911908645993,1.012455938009788,-3.55870453507341,-0.19475588363240964,125.7308979771615,G4
0.9400000000000001,-0.21673841761827076,0.20878004893964103,1.0134118923327895,-3.733874192495923,-0.4180767101685706,125.87867122349103,G4
0.9500000000000001,-0.21981835236541594,0.21089097879282212,1.0143678466557913,-3.9090438499184352,-0.6413975367047322,126.02644446982056,G4
0.96,-0.22289828711256113,0.2130019086460032,1.0153238009787928,-4.084213507340946,-0.8647183632408907,126.17421771615008,G4
0.97,-0.2259782218597063,0.2151128384991843,1.0162797553017946,-4.259383164763458,-1.0880391897770523,126.3219909624796,G4
0.98,-0.22905815660685153,0.2172237683523654,1.017235709624796,-4.434552822185971,-1.3113600163132133,126.46976420880915,G4
0.99,-0.2321380913539967,0.2193346982055464,1.018191663947798,-4.609722479608482,-1.5346808428493743,126.61753745513866,G4
1.0,-0.2352180261011418,0.2214456280587275,1.0191476182707997,-4.784892137030996,-1.7580016693855358,126.76531070146818,G4
1.01,-0.24494202453987765,0.22907404907975493,1.0203398159509205,-5.355124417177938,-3.454597484662667,127.36392306748466,G4
1.02,-0.25909539877300614,0.2403807975460123,1.0216895092024538,-6.188731779141107,-6.13337662576688,128.26309484662576,G4
1.03,-0.24196503496503471,0.26523454545454556,1.0198239160839162,-6.607268321678323,-10.076551328671354,130.00918132867136,G4
1.04,-0.22987905882352977,0.28213294117647,1.0151209411764703,-7.147910823529425,-13.702740588235278,131.93498447058826,G4
1.05,-0.2229143529411764,0.29189764705882343,1.0080856470588238,-7.8035049411764685,-17.025593529411754,133.9915668235294,G4
1.06,-0.21421272727272728,0.2925272727272725,0.9975727272727273,-8.557949090909085,-20.08050090909088,135.94448727272726,G4
1.07,-0.1994061764705872,0.2927448529411767,0.9909875000000009,-9.190168676470556,-22.873600441176407,137.79277176470583,G4
1.08,-0.1711267647058821,0.2960610294117647,0.9951125000000001,-9.493264264705884,-25.17490191176472,139.44297764705883,G4
1.09,-0.14051836158192071,0.3048209039548023,0.992768361581921,-9.479017344632766,-25.710270734463275,140.78251384180794,G4
1.1,-0.11152317919075208,0.315126531791908,0.9898196531791906,-9.490887167630078,-25.768522601155908,142.1059058381503,G4
1.11,-0.0911301156069364,0.33128260115606933,0.985935260115607,-9.729164624277455,-24.04765554913295,143.44729312138728,G4
1.12,-0.07407870967741971,0.3500348387096776,0.9792996774193545,-10.458509032258116,-20.34819193548367,144.67520290322577,G4
1.1300000000000001,-0.06749333333333558,0.3711155555555552,0.9710818518518526,-12.003388888888963,-13.725193703703543,145.62115296296292,G4
1.1400000000000001,-0.08576000000000017,0.3882933333333336,0.9705411111111112,-14.310433333333368,-5.4809122222221,146.01696777777778,G4
1.1500000000000001,-0.09912839999999991,0.40498,0.9796740000000003,-16.89893280000002,3.9676344000000707,146.0348124,G4
1.16,-0.11585812499999994,0.4183746874999995,0.9895037499999997,-19.31393124999994,12.898853749999795,145.51431218749997,G4
1.17,-0.1390302614379088,0.4296545751633985,0.9972860784313721,-21.586187189542454,20.592226535947447,144.5186802614379,G4
1.18,-0.1699060784313719,0.4409813725490193,1.0021488235294116,-23.871272156862705,26.68912196078419,143.18155607843138,G4
1.19,-0.20818749999999955,0.4469416891891889,1.0068210810810811,-26.217349527026993,31.87301479729719,141.53981952702702,G4
1.2,-0.23743267008046534,0.4499897220190194,1.0098244989027063,-27.9224597585953,35.34164365032883,140.26632610826638,G4
1.21,-0.24218321872713966,0.44973076079005125,1.0092261082662766,-28.16481381858083,35.532623167520114,139.99270065106072,G4
1.22,-0.24693376737381117,0.44947179956108263,1.0086277176298464,-28.4071678785662,35.72360268471105,139.71907519385516,G4
1.23,-0.2516843160204828,0.4492128383321142,1.0080293269934162,-28.649521938551572,35.91458220190197,139.44544973664958,G4
1.24,-0.25643486466715426,0.44895387710314555,1.007430936356986,-28.89187599853694,36.105561719092904,139.17182427944402,G4
1.25,-0.26118541331382583,0.44869491587417704,1.006832545720556,-29.134230058522302,36.29654123628383,138.89819882223847,G4
1.26,-0.2659359619604974,0.44843595464520847,1.0062341550841258,-29.376584118507676,36.48752075347476,138.62457336503292,G4
1.27,-0.270686510607169,0.44817699341623995,1.0056357644476956,-29.618938178493046,36.67850027066569,138.35094790782736,G4
1.28,-0.27543705925384043,0.44791803218727144,1.0050373738112657,-29.861292238478416,36.86947978785662,138.0773224506218,G4
1.29,-0.280187607900512,0.4476590709583029,1.0044389831748353,-30.103646298463783,37.060459305047544,137.80369699341625,G4
1.3,-0.2849381565471836,0.44740010972933425,1.0038405925384053,-30.346000358449153,37.25143882223848,137.53007153621067,G4
1.31,-0.28968870519385503,0.44714114850036574,1.003242201901975,-30.588354418434523,37.44241833942941,137.25644607900512,G4
1.32,-0.2944392538405267,0.44688218727139717,1.002643811265545,-30.83070847841989,37.63339785662034,136.98282062179956,G4
1.33,-0.2991898024871982,0.44662322604242866,1.0020454206291147,-31.07306253840526,37.82437737381127,136.709195164594,G4
1.34,-0.3036929377713458,0.445569073806078,1.0008973227206945,-31.305248697539795,37.81040884225758,136.35545642547032,G4
1.35,-0.3080569030390738,0.44406762662807525,0.9994400144717801,-31.531715412445735,37.681157033285096,135.95665396526775,G4
1.36,-0.3124208683068017,0.44256617945007226,0.9979827062228653,-31.758182127351663,37.55190522431259,135.55785150506514,G4
1.37,-0.3167848335745296,0.4410647322720694,0.9965253979739507,-31.9846488422576,37.422653415340086,135.15904904486254,G4
1.3800000000000001,-0.3211487988422576,0.43956328509406656,0.9950680897250361,-32.21111555716353,37.29340160636758,134.76024658465994,G4
1.3900000000000001,-0.3255127641099855,0.4380618379160637,0.9936107814761215,-32.43758227206946,37.164149797395076,134.36144412445734,G4
1.4000000000000001,-0.3298767293777134,0.43656039073806074,0.9921534732272069,-32.664048986975395,37.03489798842257,133.96264166425473,G4
1.41,-0.33424069464544137,0.4350589435600579,0.9906961649782924,-32.890515701881334,36.90564617945007,133.5638392040521,G4
1.42,-0.33860465991316924,0.43355749638205504,0.9892388567293778,-33.116982416787266,36.77639437047757,133.1650367438495,G4
1.43,-0.34296862518089716,0.4320560492040521,0.9877815484804631,-33.3434491316932,36.64714256150506,132.7662342836469,G4
1.44,-0.34733259044862513,0.4305546020260492,0.9863242402315486,-33.56991584659913,36.51789075253256,132.3674318234443,G4
1.45,-0.35169655571635305,0.42905315484804635,0.9848669319826339,-33.79638256150507,36.38863894356005,131.9686293632417,G4
1.46,-0.35606052098408103,0.4275517076700434,0.9834096237337192,-34.022849276411,36.259387134587556,131.5698269030391,G4
1.47,-0.36042448625180895,0.42605026049204053,0.9819523154848047,-34.249315991316934,36.13013532561506,131.17102444283648,G4
1.48,-0.37329805084745776,0.41538754237288117,0.9662941525423725,-34.96377601694917,34.08578194915249,129.2266796610169,G4
1.49,-0.38803957627118635,0.40271381355932206,0.9475187288135594,-35.78535652542374,31.621040423728825,126.94306949152543,G4
1.5,-0.3976332911392396,0.3853860759493665,0.9241593670886071,-36.31790645569616,27.854286835442874,124.47869215189873,G4
1.51,-0.4011839240506328,0.36259493670886095,0.895418860759494,-36.51115962025316,22.559084303797512,121.80210987341773,G4
1.52,-0.3974398507462686,0.33204149253731363,0.8786583582089557,-35.92275,16.689984776119474,119.33530925373137,G4
1.53,-0.3919398437499999,0.3095708593750012,0.8689198437500008,-35.24880367187502,13.046042343750281,117.7145753906251,G4
1.54,-0.38579140625,0.29488726562500006,0.86377140625,-34.59279195312501,11.364268906250008,116.790196484375,G4
1.55,-0.37964296875000003,0.28020367187499995,0.8586229687499999,-33.93678023437499,9.682495468749996,115.865817578125,G4
1.56,-0.37952,0.25850312499999967,0.85907890625,-32.60281140624998,9.356636249999998,115.05248109374999,G4
1.57,-0.38463197183098624,0.24160281690140847,0.8651507042253525,-31.460916478873237,10.584239859155023,114.36511845070422,G4
1.58,-0.3937334782608703,0.22694782608695635,0.8721104347826083,-30.487222173913057,12.831063913043625,113.56587521739125,G4
1.59,-0.407460186335404,0.2126186335403724,0.8752905590062112,-29.719122795031044,16.017256459627372,112.34260813664594,G4
1.6,-0.43518188524590296,0.20319450819672147,0.8709140983606551,-29.029655737704918,20.456011311475557,110.11950655737697,G4
1.61,-0.4729868000000012,0.1950775999999996,0.8540651999999983,-28.67175000000004,25.446107600000087,107.0375543999999,G4
1.62,-0.5152953125000014,0.18568749999999976,0.8263456249999993,-28.576331249999942,29.970423437499896,103.43845406249987,G4
1.6300000000000001,-0.5600218750000013,0.1766249999999997,0.797923749999999,-28.099237499999987,32.95229062500009,99.56202437499987,G4
1.6400000000000001,-0.5964111428571439,0.16699571428571397,0.7855431428571427,-27.178191999999967,33.672407428571425,95.78059228571419,G4
1.6500000000000001,-0.6342497058823543,0.16118382352941205,0.7803197058823536,-26.29726235294116,32.90794705882334,92.40503088235289,G4
1.6600000000000001,-0.6738606060606069,0.15817515151515082,0.7821903030303043,-25.5720557575758,30.42887212121167,89.54290727272729,G4
1.67,-0.7122393939393946,0.15114484848484835,0.7933796969696972,-25.282904242424237,25.189447878787796,87.4494527272727,G4
1.68,-0.7188806551059722,0.14950639691714843,0.7944190173410403,-25.198751522158002,23.729275105973112,86.9374126782274,G4
1.69,-0.7194766730892742,0.14889496467565827,0.7935249903660886,-25.153646191393708,22.9889597559409,86.72659443802183,G4
1.7,-0.7200726910725754,0.1482835324341682,0.7926309633911368,-25.108540860629418,22.248644405908784,86.51577619781631,G4
1.71,-0.7206687090558767,0.14767210019267818,0.7917369364161849,-25.063435529865128,21.508329055876672,86.3049579576108,G4
1.72,-0.7212647270391779,0.14706066795118808,0.7908429094412331,-25.018330199100834,20.768013705844556,86.09413971740527,G4
1.73,-0.7218607450224791,0.14644923570969806,0.7899488824662813,-24.97322486833654,20.027698355812426,85.88332147719974,G4
1.74,-0.7224567630057803,0.1458378034682081,0.7890548554913295,-24.928119537572254,19.28738300578034,85.67250323699423,G4
1.75,-0.7230527809890815,0.14522637122671794,0.7881608285163776,-24.883014206807964,18.5470676557482,85.46168499678869,G4
1.76,-0.7236487989723828,0.144614938985228,0.7872668015414258,-24.837908876043674,17.806752305716117,85.25086675658318,G4
1.77,-0.724244816955684,0.14400350674373785,0.7863727745664739,-24.79280354527938,17.06643695568397,85.04004851637765,G4
1.78,-0.7248408349389852,0.14339207450224792,0.7854787475915221,-24.747698214515093,16.32612160565189,84.82923027617213,G4
1.79,-0.7254368529222864,0.14278064226075776,0.7845847206165703,-24.702592883750803,15.585806255619742,84.6184120359666,G4
1.8,-0.7260328709055877,0.1421692100192678,0.7836906936416185,-24.65748755298651,14.845490905587662,84.40759379576109,G4
1.81,-0.7266288888888889,0.14155777777777775,0.7827966666666666,-24.61238222222222,14.105175555555514,84.19677555555555,G4
1.82,-0.7272249068721901,0.1409463455362877,0.7819026396917148,-24.567276891457926,13.364860205523433,83.98595731535003,G4
1.83,-0.7273184118438759,0.14036397039030948,0.7811406191117093,-24.517151278600267,12.683326716016168,83.78416255720053,G4
1.84,-0.726053270524899,0.13986015702108567,0.7807355047106326,-24.453452310453116,12.160721960520405,83.60676462090623,G4
1.85,-0.724788129205922,0.13935634365186178,0.7803303903095559,-24.389753342305966,11.638117205024665,83.42936668461194,G4
1.86,-0.7235229878869448,0.1388525302826379,0.7799252759084792,-24.326054374158815,11.115512449528927,83.25196874831762,G4
1.87,-0.7222578465679677,0.13834871691341408,0.7795201615074024,-24.26235540601166,10.59290769403319,83.07457081202332,G4
1.8800000000000001,-0.7209927052489905,0.13784490354419018,0.7791150471063257,-24.19865643786451,10.070302938537452,82.89717287572901,G4
1.8900000000000001,-0.7197275639300135,0.1373410901749663,0.778709932705249,-24.13495746971736,9.547698183041714,82.71977493943471,G4
1.9000000000000001,-0.7184624226110363,0.13683727680574248,0.7783048183041723,-24.07125850157021,9.025093427545976,82.54237700314042,G4
1.9100000000000001,-0.7171972812920592,0.1363334634365186,0.7778997039030956,-24.00755953342306,8.502488672050237,82.36497906684612,G4
1.92,-0.715932139973082,0.13582965006729472,0.7774945895020189,-23.943860565275905,7.97988391655451,82.1875811305518,G4
1.93,-0.714666998654105,0.13532583669807088,0.7770894751009422,-23.880161597128758,7.457279161058771,82.01018319425751,G4
1.94,-0.7134018573351278,0.13482202332884702,0.7766843606998655,-23.81646262898161,6.934674405563033,81.83278525796321,G4
1.95,-0.7121367160161507,0.13431820995962307,0.7762792462987887,-23.752763660834454,6.412069650067295,81.65538732166891,G4
1.96,-0.7108715746971735,0.1338143965903992,0.775874131897712,-23.689064692687307,5.889464894571557,81.4779893853746,G4
1.97,-0.7096064333781965,0.1333105832211754,0.7754690174966353,-23.625365724540156,5.366860139075818,81.3005914490803,G4
1.98,-0.7083412920592194,0.1328067698519515,0.7750639030955586,-23.561666756393002,4.84425538358008,81.12319351278599,G4
1.99,-0.7070761507402422,0.13230295648272758,0.7746587886944819,-23.49796778824585,4.321650628084342,80.94579557649169,G4
2.0,-0.7058110094212651,0.13179914311350377,0.7742536742934052,-23.434268820098698,3.799045872588594,80.76839764019739,G4
2.0100000000000002,-0.704545868102288,0.13129532974427985,0.7738485598923284,-23.370569851951544,3.2764411170928427,80.5909997039031,G4
2.02,-0.7032807267833109,0.13079151637505598,0.7734434454912518,-23.306870883804393,2.753836361597117,80.41360176760878,G4
2.0300000000000002,-0.7020155854643337,0.13028770300583217,0.7730383310901751,-23.243171915657243,2.231231606101366,80.23620383131448,G4
2.04,-0.7007504441453566,0.12978388963660828,0.7726332166890983,-23.179472947510092,1.7086268506056403,80.05880589502019,G4
2.05,-0.6994853028263796,0.12928007626738447,0.7722281022880216,-23.11577397936294,1.1860220951099127,79.88140795872589,G4
2.06,-0.6716933333333324,0.12578166666666651,0.7697991666666666,-22.375317499999976,-3.5534375000001575,77.38422083333325,G4
2.07,-0.6423484892086323,0.1226576258992807,0.7693606474820155,-21.563953021582698,-7.652920863309003,74.44648093525156,G4
2.08,-0.6106434532374091,0.12054971223021567,0.7736628057553958,-20.61936309352515,-10.058323741007271,70.59125071942434,G4
2.09,-0.5768569999999994,0.12190000000000006,0.773966,-19.925188999999992,-9.109925999999918,65.52060999999988,G4
2.1,-0.5558918181818191,0.12328944055944055,0.7682011188811178,-19.429666713286718,-5.803768601398166,60.17476839160813,G4
2.11,-0.5437878571428574,0.12400257142857085,0.7593377142857147,-19.108611428571493,-0.9469968571424694,54.671534714285535,G4
2.12,-0.5341092857142854,0.12251685714285707,0.7528805714285712,-19.075897142857144,5.072631714285883,48.9027275714284,G4
2.13,-0.5288387755102042,0.12209448979591837,0.7498734693877553,-18.870227142857132,8.304723877550897,45.61645163265316,G4
2.14,-0.5248115646258502,0.12197204081632652,0.7478394557823128,-18.61577476190475,10.750587823129337,43.030376802721,G4
2.15,-0.5207843537414966,0.12184959183673463,0.7458054421768707,-18.361322380952377,13.196451768707524,40.44430197278907,G4
2.16,-0.5283802453987737,0.1252879141104297,0.7345342331288337,-17.667584723926343,16.6876785889572,36.69460656441702,G4
2.17,-0.5411233333333354,0.12989745098039246,0.7208896078431368,-16.908841568627462,20.15206960784299,32.7337205882353,G4
2.18,-0.5649011111111119,0.13636150326797405,0.7049353594771237,-16.220325228758146,22.766448692810542,28.812151960784185,G4
2.19,-0.5922517948717956,0.13959820512820478,0.6961030769230776,-15.514192307692298,23.243687435897204,25.02172615384612,G4
2.2,-0.6200583225806442,0.1402878064516113,0.6901465806451604,-14.74366309677408,22.32475129032195,21.317312903225723,G4
2.21,-0.6388776774193553,0.13343619354838693,0.6807014193548385,-13.561688903225782,18.54242870967734,17.791087096774117,G4
2.22,-0.6474558012533559,0.1299358191584605,0.6761414413607885,-12.945926875559602,16.47273533572087,15.968632739480956,G4
2.23,-0.6483080841539839,0.12896357206803932,0.6752667770814682,-12.757307358997311,15.695025398388525,15.431479650850479,G4
2.24,-0.6491603670546107,0.12799132497761856,0.6743921128021485,-12.568687842435086,14.917315461056369,14.89432656222021,G4
2.25,-0.6500126499552373,0.12701907788719777,0.6735174485228289,-12.380068325872871,14.13960552372425,14.357173473589963,G4
2.2600000000000002,-0.650864932855864,0.12604683079677698,0.6726427842435093,-12.191448809310646,13.361895586392093,13.820020384959694,G4
2.27,-0.6517172157564906,0.1250745837063562,0.6717681199641898,-12.002829292748432,12.584185649059972,13.282867296329448,G4
2.2800000000000002,-0.6525694986571173,0.12410233661593546,0.6708934556848701,-11.814209776186205,11.806475711727817,12.745714207699177,G4
2.29,-0.653421781557744,0.12313008952551467,0.6700187914055505,-11.625590259623994,11.028765774395698,12.20856111906893,G4
2.3000000000000003,-0.6542740644583708,0.12215784243509396,0.6691441271262308,-11.436970743061767,10.251055837063543,11.67140803043866,G4
2.31,-0.6551263473589973,0.12118559534467323,0.6682694628469114,-11.248351226499553,9.473345899731422,11.134254941808413,G4
2.32,-0.655978630259624,0.12021334825425242,0.6673947985675918,-11.059731709937337,8.695635962399301,10.597101853178167,G4
2.33,-0.6552477872340421,0.11964668085106389,0.6665748510638297,-10.869119999999997,7.929643191489364,10.048725914893614,G4
2.34,-0.6521422553191489,0.11968838297872339,0.6658369787234042,-10.675520000000002,7.181226170212779,9.48351570212767,G4
2.35,-0.6490367234042553,0.11973008510638289,0.6650991063829786,-10.481919999999999,6.4328091489361645,8.918305489361698,G4
2.36,-0.6459311914893617,0.11977178723404248,0.6643612340425531,-10.288320000000002,5.684392127659583,8.353095276595752,G4
2.37,-0.642825659574468,0.11981348936170208,0.6636233617021277,-10.094719999999997,4.935975106382969,7.787885063829779,G4
2.38,-0.6397201276595744,0.11985519148936169,0.6628854893617021,-9.90112,4.187558085106387,7.2226748510638314,G4
2.39,-0.6366145957446807,0.11989689361702119,0.6621476170212766,-9.707519999999995,3.439141063829772,6.65746463829786,G4
2.4,-0.6335090638297872,0.11993859574468078,0.661409744680851,-9.513919999999999,2.69072404255319,6.092254425531913,G4
2.41,-0.6304035319148935,0.11998029787234038,0.6606718723404255,-9.320319999999995,1.9423070212765752,5.527044212765942,G4
2.42,-0.6272979999999999,0.12002199999999999,0.6599339999999999,-9.126719999999999,1.1938899999999935,4.961833999999994,G4
2.43,-0.6241924680851062,0.12006370212765949,0.6591961276595744,-8.933119999999994,0.44547297872337854,4.396623787234023,G4
2.44,-0.6210869361702127,0.12010540425531908,0.6584582553191489,-8.739519999999997,-0.3029440425532028,3.8314135744680753,G4
2.45,-0.609964838709676,0.12380612903225864,0.6589674193548388,-7.327262258064305,-3.3691241935488065,0.771732258064076,G4
2.46,-0.5949062573099418,0.13082286549707933,0.6603370175438601,-5.246909649122712,-7.418866725145724,-3.566716023391807,G4
2.47,-0.5832688304093561,0.14995152046783716,0.6634071929824563,-3.05950614035077,-9.088433976608268,-7.325476257310127,G4
2.48,-0.5813260689655209,0.17458951724138203,0.662359034482757,-0.8423268275861404,-9.839956689654837,-11.37583482758642,G4
2.49,-0.5945467586206903,0.20784468965517408,0.6548693793103445,1.4214248965518395,-9.155563586206862,-15.882283103448508,G4
2.5,-0.5965608875739643,0.22335041420118346,0.6526206508875739,2.4403966863905353,-8.329010414201163,-18.076062958579893,G4
2.5100000000000002,-0.5978597041420118,0.2377231952662727,0.6507064497041419,3.3799144378698576,-7.49338319526624,-20.12222568047345,G4
2.52,-0.5991585207100592,0.25209597633136105,0.64879224852071,4.31943218934912,-6.657755976331354,-22.168388402366876,G4
2.5300000000000002,-0.5955851181102353,0.2732754330708681,0.648218976377953,6.1061472440947036,-4.856166929133622,-26.00384519685085,G4
2.54,-0.5893223417721525,0.2931415189873382,0.6527503164556989,8.416176012658218,-2.3432235443037417,-31.070248544303862,G4
2.5500000000000003,-0.5858476582278478,0.2966984810126586,0.6671996835443053,10.377713987341968,0.05314354430403556,-35.70838145569667,G4
2.56,-0.585578238636364,0.29142471590908986,0.6854246022727282,11.938147613636358,2.823645909091006,-41.00746227272745,G4
2.57,-0.5866180113636363,0.2825440340909092,0.7051916477272724,13.334749886363614,5.746964090909046,-46.57650772727264,G4
2.58,-0.5979644444444446,0.2695202614379082,0.7363440522875824,14.362018562091512,9.343710065359538,-54.07843091503281,G4
2.59,-0.61010874251497,0.25953880239521077,0.763416526946106,15.13854275449093,12.398772694610553,-61.49115514970048,G4
2.6,-0.6226057485029941,0.25405976047904183,0.7840273053892217,15.595644550898207,14.656850538922173,-68.64021502994018,G4
2.61,-0.6308019424460427,0.24629611510791363,0.7982069784172655,15.726398417266164,15.163706330935124,-76.7540213669064,G4
2.62,-0.6302832352941147,0.23651205882352877,0.808268529411764,15.752583529411767,14.003140294117191,-85.0947435294118,G4
2.63,-0.6168199999999975,0.22448999999999988,0.8148200000000014,15.786260000000047,10.916029999999513,-93.26716999999931,G4
2.64,-0.5939538028169006,0.2123702816901403,0.8269397183098597,16.001288169014096,6.002579295774454,-98.85797281690165,G4
2.65,-0.5831981189851289,0.20652391951006221,0.8330337095363071,16.10631972003498,3.5329807436574185,-101.5283900699908,G4
2.66,-0.5812121172353455,0.20522033245844257,0.8347642432195977,16.131698547681538,2.833068232720877,-102.08404536307964,G4
2.67,-0.5792261154855644,0.20391674540682406,0.8364947769028872,16.157077375328083,2.1331557217847594,-102.63970065616797,G4
2.68,-0.577240113735783,0.20261315835520546,0.8382253105861769,16.182456202974628,1.4332432108486106,-103.19535594925637,G4
2.69,-0.5752541119860017,0.20130957130358698,0.8399558442694665,16.207835030621172,0.7333306999124929,-103.75101124234472,G4
2.7,-0.5732681102362204,0.2000059842519684,0.841686377952756,16.233213858267717,0.033418188976343965,-104.3066665354331,G4
2.71,-0.5712821084864391,0.19870239720034985,0.8434169116360456,16.25859268591426,-0.6664943219597738,-104.86232182852146,G4
2.72,-0.5692961067366579,0.19739881014873129,0.8451474453193352,16.283971513560804,-1.3664068328959225,-105.41797712160984,G4
2.73,-0.5673101049868766,0.19609522309711278,0.8468779790026247,16.30935034120735,-2.0663193438320406,-105.97363241469817,G4
2.74,-0.5653241032370953,0.19479163604549418,0.8486085126859144,16.334729168853894,-2.766231854768189,-106.52928770778655,G4
2.75,-0.563338101487314,0.19348804899387567,0.8503390463692039,16.36010799650044,-3.466144365704306,-107.08494300087492,G4
2.7600000000000002,-0.5611960694050988,0.19233856940509925,0.8521846813031163,16.382977521246456,-4.144596097733712,-107.60752793909344,G4
2.77,-0.5581698654390934,0.19206236543909347,0.8546825566572238,16.391627662889515,-4.701436749291801,-107.94271419971673,G4
2.7800000000000002,-0.5551436614730876,0.19178616147308775,0.8571804320113316,16.40027780453258,-5.258277400849912,-108.27790046033998,G4
2.79,-0.5521174575070821,0.19150995750708208,0.8596783073654392,16.408927946175638,-5.815118052407949,-108.6130867209632,G4
2.8000000000000003,-0.5490912535410762,0.19123375354107647,0.862176182719547,16.4175780878187,-6.371958703966061,-108.94827298158644,G4
2.81,-0.5460650495750707,0.19095754957507075,0.8646740580736544,16.426228229461756,-6.928799355524098,-109.28345924220964,G4
2.82,-0.5430388456090651,0.19068134560906508,0.867171933427762,16.434878371104816,-7.48564000708216,-109.61864550283288,G4
2.83,-0.5400126416430594,0.1904051416430595,0.8696698087818697,16.443528512747875,-8.042480658640244,-109.95383176345611,G4
2.84,-0.5369864376770538,0.19012893767705377,0.8721676841359773,16.452178654390934,-8.599321310198306,-110.28901802407931,G4
2.85,-0.5339602337110481,0.18985273371104816,0.8746655594900851,16.460828796033994,-9.156161961756391,-110.62420428470257,G4
2.86,-0.5309340297450424,0.1895765297450425,0.8771634348441927,16.469478937677053,-9.713002613314455,-110.95939054532579,G4
2.87,-0.5279078257790367,0.18930032577903677,0.8796613101983004,16.478129079320112,-10.269843264872542,-111.29457680594902,G4
2.88,-0.5248816218130311,0.18902412181303108,0.8821591855524079,16.48677922096317,-10.826683916430603,-111.62976306657225,G4
2.89,-0.5218554178470254,0.18874791784702546,0.8846570609065156,16.49542936260623,-11.383524567988692,-111.96494932719548,G4
2.9,-0.5182030909090851,0.18837345454545362,0.8874640000000028,16.50465272727273,-12.053014727273778,-112.34615218181862,G4
2.91,-0.4943061212121205,0.18482193939393923,0.9002640000000004,16.532410303030304,-16.364838969697104,-114.21522490909096,G4
2.92,-0.4651855244755221,0.18229580419580457,0.9142348251748258,16.582074125874136,-20.409438531468428,-116.0028862237762,G4
2.93,-0.4275421678321668,0.1814426573426573,0.9301159440559444,16.667479720279722,-24.01803993007003,-117.65771839160843,G4
2.94,-0.38610486301369873,0.18076232876712328,0.9412363698630134,16.413467123287667,-25.787930616438327,-119.52860075342467,G4
2.95,-0.3575216225165596,0.17802354304635692,0.9464830794701969,16.16829341059603,-26.47773036423813,-121.01617778145686,G4
2.96,-0.3425249337748344,0.17313281456953641,0.9458771192052979,15.95091261589404,-26.144078046357617,-122.09296917218543,G4
2.97,-0.327528245033112,0.16824208609271507,0.9452711589403973,15.733531821192043,-25.81042572847681,-123.16976056291394,G4
2.98,-0.30740984848484637,0.15656689393939152,0.9432551515151509,15.313902424242352,-23.377632727272008,-124.94725977272753,G4
2.99,-0.28284198473282557,0.13601671755724867,0.9406926717557269,14.752871450381807,-18.213856946563983,-127.38325167938919,G4
3.0,-0.2657885496183203,0.10852816793893073,0.9440438167938932,14.68294778625954,-10.988169923663985,-129.07312954198477,G4
3.0100000000000002,-0.25922309677419375,0.10379941935483966,0.9423959999999996,15.267471741935546,-4.991871612902996,-129.45934329032255,G4
3.02,-0.25749714285714487,0.10704142857143124,0.9434971428571457,15.99345571428575,-0.15048714285766085,-129.3718628571427,G4
3.0300000000000002,-0.2627286699507391,0.11918428571428617,0.9536597044334981,16.760578866995107,2.436660640394204,-128.7325968472906,G4
3.04,-0.2671725683060103,0.1338587431694012,0.9630880874316935,17.55166672131151,4.4769573224039645,-128.03829136612018,G4
3.0500000000000003,-0.2693747540983608,0.1557385245901657,0.9704268852459023,18.41096180327876,4.9608316393443035,-127.18733508196716,G4
3.06,-0.2679450393700773,0.18217992125984456,0.9777520472440946,19.004146220472343,4.616336220472128,-126.26807803149602,G4
3.0700000000000003,-0.26311343065693626,0.21229277372262487,0.9851875182481756,19.065250437955925,3.156738832116724,-125.25937700729925,G4
3.08,-0.26569737226277373,0.2299351094890511,0.9932970072992703,18.18487817518248,1.607731532846713,-124.2564208029197,G4
3.09,-0.2647032697095433,0.23531309543568366,0.9952320829875514,17.923929883817475,1.0412185809129386,-123.91067590871374,G4
3.1,-0.2627580414937759,0.23743093775933605,0.9955258589211619,17.827638597510372,0.7358750124481312,-123.73963275518672,G4
3.11,-0.2608128132780083,0.23954878008298744,0.9958196348547719,17.73134731120332,0.43053144398340704,-123.56858960165975,G4
3.12,-0.2588675850622406,0.24166662240663894,0.9961134107883817,17.635056024896265,0.1251878755186694,-123.39754644813276,G4
3.13,-0.256922356846473,0.24378446473029045,0.9964071867219917,17.53876473858921,-0.180155692946055,-123.2265032946058,G4
3.14,-0.2549771286307053,0.24590230705394195,0.9967009626556015,17.442473452282155,-0.4854992614107926,-123.05546014107883,G4
3.15,-0.2530319004149377,0.24802014937759334,0.9969947385892115,17.346182165975105,-0.7908428298755167,-122.88441698755187,G4
3.16,-0.2510866721991701,0.25013799170124484,0.9972885145228215,17.249890879668047,-1.0961863983402547,-122.71337383402488,G4
3.17,-0.24914144398340243,0.25225583402489626,0.9975822904564315,17.153599593360997,-1.4015299668049792,-122.54233068049793,G4
3.18,-0.2471962157676348,0.25437367634854774,0.9978760663900414,17.05730830705394,-1.7068735352697164,-122.37128752697095,G4
3.19,-0.2452509875518671,0.25649151867219916,0.9981698423236515,16.961017020746887,-2.0122171037344407,-122.20024437344398,G4
3.2,-0.24330575933609952,0.25860936099585063,0.9984636182572615,16.86472573443983,-2.317560672199179,-122.029201219917,G4
3.21,-0.24165902840059783,0.26067207772795215,0.9977026606875934,16.77129585949178,-2.6122651121076244,-121.83949808669658,G4
3.22,-0.2401171748878923,0.26271542600896863,0.9965711210762331,16.678871345291476,-2.903231479820637,-121.64323874439462,G4
3.23,-0.23857532137518678,0.26475877428998507,0.9954395814648728,16.58644683109118,-3.1941978475336352,-121.44697940209265,G4
3.24,-0.23703346786248122,0.26680212257100155,0.9943080418535127,16.49402231689088,-3.4851642152466464,-121.25072005979074,G4
3.25,-0.23549161434977572,0.26884547085201793,0.9931765022421524,16.40159780269058,-3.7761305829596448,-121.0544607174888,G4
3.2600000000000002,-0.23394976083707011,0.2708888191330344,0.9920449626307923,16.309173288490282,-4.067096950672656,-120.85820137518684,G4
3.27,-0.23240790732436475,0.2729321674140507,0.9909134230194321,16.216748774289986,-4.358063318385643,-120.66194203288491,G4
3.2800000000000002,-0.23086605381165912,0.27497551569506734,0.9897818834080717,16.124324260089683,-4.649029686098666,-120.46568269058295,G4
3.29,-0.22932420029895362,0.2770188639760837,0.9886503437967116,16.031899745889387,-4.939996053811664,-120.26942334828102,G4
3.3000000000000003,-0.227782346786248,0.27906221225710015,0.9875188041853513,15.939475231689086,-5.230962421524676,-120.07316400597905,G4
3.31,-0.22624049327354265,0.2811055605381165,0.9863872645739913,15.84705071748879,-5.521928789237662,-119.87690466367715,G4
3.3200000000000003,-0.224698639760837,0.2831489088191331,0.9852557249626307,15.754626203288487,-5.8128951569506855,-119.68064532137518,G4
3.33,-0.2231567862481315,0.28519225710014945,0.9841241853512706,15.662201689088189,-6.103861524663684,-119.48438597907324,G4
3.34,-0.21824282674771842,0.2885440121580554,0.9821175683890575,15.492792613981722,-6.5389953799392915,-118.99626547112446,G4
3.35,-0.2073340121580544,0.2942218237082067,0.9785552583586625,15.186522097264431,-7.230426990881474,-117.989280668693,G4
3.36,-0.19642519756838908,0.2998996352583586,0.9749929483282676,14.880251580547116,-7.921858601823706,-116.9822958662614,G4
3.37,-0.1844710526315748,0.3058845029239778,0.9714499415204678,14.576045964912286,-8.570514561403359,-115.87393280701716,G4
3.38,-0.15862894736842062,0.3159488304093569,0.9681633918128654,14.299274035087715,-8.650865438596492,-113.41868719298243,G4
3.39,-0.13433517647058815,0.32924058823529667,0.9648211764705882,14.12537152941182,-7.98132011764656,-110.93237729411753,G4
3.4,-0.11279399999999999,0.34826999999999997,0.9613799999999999,14.134348000000001,-5.978626,-108.39084199999999,G4
3.41,-0.10209095808383364,0.3646281437125748,0.9674462874251512,14.209806347305403,-2.8781816167662164,-105.80107293413165,G4
3.42,-0.0969711976047903,0.3796101796407189,0.9784103592814374,14.31951293413174,0.7877704790420004,-103.18645616766462,G4
3.43,-0.09593702127659572,0.37941595744680845,0.9943740425531922,14.417085851063835,2.571709787234119,-101.86324851063826,G4
3.44,-0.0949441134751772,0.379068439716312,1.010388226950355,14.514536205673762,4.33663886524827,-100.55308539007089,G4
3.45,-0.09286410852712995,0.3723463565891372,1.0318044186046602,14.629622945736468,5.9182224806199475,-99.36303984496135,G4
3.46,-0.08547651162790679,0.33450139534883666,1.0795951162790702,14.83081674418605,6.604648837209313,-98.75945069767442,G4
3.47,-0.07622428571428569,0.28726857142857154,1.115809999999999,14.715377142857129,5.029442857142771,-99.77753428571437,G4
3.48,-0.06905696202531783,0.24592367088608005,1.1483901265822773,14.42342531645561,2.4261287341767566,-100.95023797468352,G4
3.49,-0.0664303797468353,0.2184932911392397,1.176978734177216,13.872646835443023,-1.5742573417722605,-101.9938202531646,G4
3.5,-0.058136258064515375,0.21741632258064783,1.1994616774193545,12.280720645161166,-7.198028709677656,-101.81009935483857,G4
3.5100000000000002,-0.044653695652169485,0.23105456521739964,1.2163315217391255,9.966479999999493,-13.869563260870237,-100.75240804347762,G4
3.52,-0.018385579710144862,0.2687429710144927,1.2193387681159422,6.1718133333333345,-22.5541502173913,-97.86492253623187,G4
3.5300000000000002,0.014370064935066568,0.2977809740259746,1.2020858441558422,2.4410656493505063,-30.991766948052263,-93.13641493506462,G4
3.54,0.0410752595936741,0.3175196839729063,1.185399740406324,-0.3803667720083683,-37.302357923249026,-89.23260845372548,G4
3.5500000000000003,0.049714085778781135,0.31882893905191867,1.1802609142212188,-1.0075970203160352,-38.529247313769766,-88.27108588036116,G4
3.56,0.05835291196388291,0.32013819413092554,1.175122088036117,-1.634827268623047,-39.75613670428898,-87.3095633069977,G4
3.5700000000000003,0.0669917381489847,0.32144744920993235,1.1699832618510155,-2.2620575169300596,-40.983026094808196,-86.34804073363425,G4
3.58,0.0756305643340861,0.3227567042889391,1.164844435665914,-2.8892877652370434,-42.20991548532736,-85.38651816027084,G4
3.59,0.08426939051918704,0.3240659593679458,1.1597056094808127,-3.5165180135439993,-43.43680487584647,-84.42499558690747,G4
3.6,0.09290821670428923,0.3253752144469526,1.1545667832957107,-4.14374826185104,-44.66369426636574,-83.46347301354399,G4
3.61,0.10154704288939062,0.3266844695259593,1.1494279571106092,-4.770978510158024,-45.8905836568849,-82.50195044018058,G4
3.62,0.1101858690744924,0.3279937246049661,1.1442891309255077,-5.398208758465037,-47.11747304740411,-81.54042786681713,G4
3.63,0.12048645074224078,0.3271813225371109,1.1400636167341436,-6.0153130499325025,-48.1330832793521,-80.49800043184884,G4
3.64,0.132989824561404,0.32355649122807,1.1370487719298246,-6.618994561403534,-48.86862578947372,-79.34832701754381,G4
3.65,0.145493198380567,0.3199316599190282,1.134033927125506,-7.222676072874505,-49.60416829959516,-78.19865360323885,G4
3.66,0.15799657219973062,0.3163068286099863,1.1310190823211872,-7.826357584345504,-50.33971080971663,-77.04898018893383,G4
3.67,0.170499946018893,0.31268199730094476,1.128004237516869,-8.430039095816449,-51.07525331983804,-75.89930677462891,G4
3.68,0.1830033198380572,0.3090571659919026,1.1249893927125503,-9.033720607287476,-51.810795829959545,-74.74963336032384,G4
3.69,0.1955066936572202,0.3054323346828609,1.121974547908232,-9.637402118758448,-52.546338340080986,-73.59995994601887,G4
3.7,0.2078750160771691,0.30182270096463015,1.1189956591639878,-10.234999051446891,-53.26314458199331,-72.45906827974281,G4
3.71,0.2136258199356911,0.29895774919614154,1.117778617363344,-10.534451623794205,-53.061873681672026,-71.74848226688106,G4
3.72,0.21937662379421213,0.2960927974276527,1.1165615755627007,-10.833904196141477,-52.86060278135049,-71.0378962540193,G4
3.73,0.22512742765273314,0.2932278456591639,1.1153445337620576,-11.13335676848875,-52.65933188102895,-70.32731024115756,G4
3.74,0.23087823151125417,0.29036289389067516,1.1141274919614146,-11.43280934083602,-52.458060980707394,-69.6167242282958,G4
3.75,0.23662903536977484,0.2874979421221864,1.1129104501607716,-11.732261913183281,-52.25679008038585,-68.90613821543408,G4
3.7600000000000002,0.2423798392282954,0.2846329903536979,1.1116934083601286,-12.031714485530527,-52.055519180064316,-68.1955522025724,G4
3.77,0.24813064308681662,0.281768038585209,1.1104763665594855,-12.331167057877813,-51.85424827974278,-67.48496618971062,G4
3.7800000000000002,0.25388144694533765,0.27890308681672016,1.1092593247588423,-12.630619630225086,-51.65297737942122,-66.77438017684885,G4
3.79,0.25963225080385843,0.2760381350482315,1.1080422829581993,-12.930072202572344,-51.45170647909968,-66.06379416398715,G4
3.8000000000000003,0.26538305466237894,0.273173183279743,1.1068252411575565,-13.229524774919591,-51.250435578778145,-65.35320815112546,G4
3.81,0.2711338585209002,0.270308231511254,1.1056081993569133,-13.528977347266878,-51.04916467845659,-64.64262213826368,G4
3.8200000000000003,0.2768846623794212,0.26744327974276527,1.10439115755627,-13.82842991961415,-50.84789377813506,-63.93203612540193,G4
3.83,0.2768846623794228,0.2674432797427645,1.1043911575562697,-13.82842991961423,-50.847893778135,-63.93203612540174,G4
3.84,0.2768846623794228,0.2674432797427645,1.1043911575562697,-13.82842991961423,-50.847893778135,-63.93203612540174,G4
3.85,0.2768846623794228,0.2674432797427645,1.1043911575562697,-13.82842991961423,-50.847893778135,-63.93203612540174,G4
3.86,0.2768846623794228,0.2674432797427645,1.1043911575562697,-13.82842991961423,-50.847893778135,-63.93203612540174,G4
3.87,0.2768846623794228,0.2674432797427645,1.1043911575562697,-13.82842991961423,-50.847893778135,-63.93203612540174,G4
3.88,0.2768846623794228,0.2674432797427645,1.1043911575562697,-13.82842991961423,-50.847893778135,-63.93203612540174,G4
3.89,0.2768846623794228,0.2674432797427645,1.1043911575562697,-13.82842991961423,-50.847893778135,-63.93203612540174,G4
3.9,0.2768846623794228,0.2674432797427645,1.1043911575562697,-13.82842991961423,-50.847893778135,-63.93203612540174,G4
3.91,0.2768846623794228,0.2674432797427645,1.1043911575562697,-13.82842991961423,-50.847893778135,-63.93203612540174,G4
3.92,0.2768846623794228,0.2674432797427645,1.1043911575562697,-13.82842991961423,-50.847893778135,-63.93203612540174,G4
3.93,0.2768846623794228,0.2674432797427645,1.1043911575562697,-13.82842991961423,-50.847893778135,-63.93203612540174,G4
3.94,0.2768846623794228,0.2674432797427645,1.1043911575562697,-13.82842991961423,-50.847893778135,-63.93203612540174,G4
3.95,0.2768846623794228,0.2674432797427645,1.1043911575562697,-13.82842991961423,-50.847893778135,-63.93203612540174,G4
3.96,0.2768846623794228,0.2674432797427645,1.1043911575562697,-13.82842991961423,-50.847893778135,-63.93203612540174,G4
3.97,0.2768846623794228,0.2674432797427645,1.1043911575562697,-13.82842991961423,-50.847893778135,-63.93203612540174,G4
3.98,0.2768846623794228,0.2674432797427645,1.1043911575562697,-13.82842991961423,-50.847893778135,-63.93203612540174,G4
3.99,0.2768846623794228,0.2674432797427645,1.1043911575562697,-13.82842991961423,-50.847893778135,-63.93203612540174,G4
4.0,0.2768846623794228,0.2674432797427645,1.1043911575562697,-13.82842991961423,-50.847893778135,-63.93203612540174,G4
